100 1000
1 17 91
1 37 56
2 37
3 5
1 97 71
1 95 60
1 30 91
1 70 43
5 16 26
1 72 5
2 45
1 67 8
1 89 11
1 20 86
1 92 21
1 57 35
1 31 97
2 99
1 64 44
3 78
1 54 16
1 9 71
1 99 65
3 7
2 50
5 45 7
1 40 80
1 10 12
1 52 5
1 55 14
1 54 6
1 7 3
1 60 13
1 34 85
1 10 6
2 99
1 47 64
1 31 70
1 66 83
1 64 14
1 7 25
1 30 79
1 10 75
2 91
1 91 64
3 5
1 23 7
1 24 71
1 9 2
3 28
1 92 70
1 35 37
1 35 16
1 84 10
1 10 40
5 48 74
1 90 99
1 84 95
1 24 56
1 21 18
1 46 94
1 6 59
3 35
2 26
1 11 77
1 63 86
1 2 70
1 91 98
1 75 67
1 35 52
1 93 20
1 20 34
2 88
1 50 65
1 30 96
5 53 51
1 77 38
1 78 34
3 25
1 93 59
1 1 90
1 28 43
1 12 19
2 61
1 63 96
1 76 55
1 35 56
1 22 12
1 99 49
1 64 88
1 57 1
1 78 37
1 44 71
3 35
1 10 85
5 62 32
1 4 21
1 48 50
1 73 89
1 87 49
1 92 9
1 1 17
3 15
1 13 8
1 27 22
1 6 58
1 29 89
1 40 62
1 22 56
1 32 28
3 49
1 76 59
1 46 65
1 22 83
2 77
1 63 88
2 97
1 88 98
1 71 72
1 35 33
3 22
1 87 46
1 37 100
1 45 23
1 31 29
1 95 32
1 3 11
1 98 33
1 71 93
1 84 30
4 15 91
1 35 15
1 48 80
2 55
1 57 3
2 17
1 68 55
1 75 39
3 80
1 98 91
1 63 62
5 64 19
1 30 6
1 68 25
1 73 30
1 68 24
1 56 78
1 64 82
1 79 33
2 13
1 10 61
1 62 95
1 13 76
1 27 2
1 100 34
1 6 18
1 40 54
1 27 79
3 31
2 70
5 37 55
1 87 75
1 4 85
1 38 12
1 11 99
1 25 10
1 11 14
1 55 16
1 88 47
1 41 95
1 49 3
1 89 13
5 87 31
1 47 10
1 11 64
1 88 14
2 77
1 28 10
1 41 73
1 8 96
1 58 18
1 23 56
1 100 74
1 31 14
1 73 3
1 24 55
1 2 7
1 12 49
4 88 50
1 15 25
1 47 98
1 36 76
1 88 74
1 19 7
1 54 23
1 71 89
1 97 49
1 42 62
1 89 13
1 53 59
2 8
1 5 10
1 17 40
3 79
3 36
1 30 6
1 23 4
1 22 52
1 7 9
1 65 44
1 27 66
1 96 47
1 3 9
1 46 15
1 20 2
1 3 24
1 26 71
1 35 92
3 25
3 56
3 44
1 54 60
1 59 97
1 29 27
1 78 18
1 87 63
1 100 25
1 52 23
1 77 94
2 40
2 36
1 13 15
1 12 95
1 49 46
1 51 22
3 82
1 95 82
1 96 19
1 15 42
1 5 36
5 5 100
1 85 7
1 40 89
1 42 53
2 80
1 19 16
1 46 35
1 94 30
1 38 30
1 83 97
3 5
3 27
1 32 49
1 52 76
1 40 83
1 40 47
1 64 88
1 88 71
3 48
1 19 32
3 37
1 16 76
3 71
1 95 80
2 76
1 89 35
1 52 55
1 3 16
3 83
1 49 4
1 89 58
1 68 19
1 19 15
1 63 56
2 36
1 58 85
1 39 8
2 23
1 13 21
2 35
1 27 31
1 47 34
3 16
1 87 75
1 43 75
1 66 65
1 67 34
1 61 73
1 90 38
1 5 41
1 84 29
1 76 87
6 98
4 46 88
1 1 97
1 87 35
1 53 43
1 43 47
2 41
1 66 13
1 96 39
2 40
1 60 17
1 75 26
2 94
1 84 42
1 32 5
1 89 98
2 30
1 82 51
1 44 17
1 78 31
5 8 76
1 31 77
3 6
1 71 62
1 78 1
1 87 3
2 77
1 63 47
5 43 41
1 12 18
1 70 95
1 52 7
1 81 84
3 79
1 54 18
1 56 72
1 51 23
1 34 97
2 70
1 77 16
1 57 49
1 41 45
1 91 54
1 89 48
1 68 22
1 43 79
1 23 6
1 83 59
3 68
1 93 9
3 4
1 32 27
1 16 34
3 53
1 7 46
1 15 37
1 88 4
1 21 45
1 99 71
1 4 66
3 97
1 28 53
1 83 96
1 32 20
1 73 34
1 1 5
1 67 45
1 97 6
1 21 35
1 95 80
3 70
1 15 16
1 12 2
1 24 74
1 4 42
1 7 27
5 72 64
1 95 22
1 76 85
1 1 33
1 94 66
1 64 99
1 29 54
1 29 61
1 83 36
2 42
1 76 100
2 91
1 95 74
1 83 5
3 14
1 2 84
1 26 31
1 69 99
2 63
3 69
3 5
1 71 31
1 25 29
1 34 3
1 22 2
1 27 71
1 72 100
1 64 38
3 57
3 58
1 26 17
2 25
1 90 63
1 9 44
1 17 84
1 92 24
1 40 17
2 20
1 74 72
1 23 13
3 16
1 19 100
1 86 81
2 17
1 68 89
3 100
1 27 96
1 81 92
1 64 7
1 22 97
1 1 98
3 97
1 69 92
1 3 66
1 91 70
2 90
2 46
1 48 54
1 23 92
3 32
1 82 97
1 52 35
1 79 97
1 36 87
1 98 39
1 20 96
1 19 81
3 81
1 46 29
6 50
1 89 26
1 3 22
1 38 49
1 62 72
2 88
3 28
1 8 21
5 74 56
1 12 95
1 70 76
1 41 18
1 82 88
1 22 10
1 48 69
3 57
1 6 97
1 24 99
1 59 72
1 61 18
1 6 28
1 76 21
1 28 29
3 63
1 71 92
3 55
1 11 63
1 91 18
1 99 30
1 79 64
1 70 34
1 15 4
1 28 70
1 73 15
1 44 58
5 21 72
1 95 35
1 46 7
1 74 41
1 89 41
1 2 82
1 40 73
1 69 54
1 30 66
1 11 82
2 68
1 30 82
1 6 36
1 94 37
1 60 31
1 19 23
1 26 15
1 30 93
1 5 66
1 18 44
1 5 87
1 70 60
4 19 67
1 63 79
3 54
1 3 97
3 63
1 83 11
5 33 94
1 100 71
1 75 2
2 74
1 19 24
1 98 33
1 71 32
1 97 14
2 85
1 26 96
2 53
1 23 46
1 33 38
1 10 42
1 18 46
1 17 28
3 40
1 72 21
1 37 87
1 8 2
1 70 96
2 52
4 53 3
1 27 98
1 41 54
1 51 44
1 30 20
1 61 87
1 90 4
1 50 85
1 95 64
1 44 98
1 80 97
1 92 93
1 60 32
1 50 75
1 11 62
1 9 44
1 97 4
1 9 94
3 32
1 94 81
3 92
3 6
1 54 87
2 17
1 17 95
1 65 53
1 38 17
1 87 29
1 57 19
3 27
1 15 58
2 4
3 27
2 76
1 30 43
1 92 68
1 28 33
1 73 10
2 65
1 97 11
3 39
3 72
2 15
1 51 9
1 3 63
1 77 59
2 82
2 99
1 11 59
1 83 72
1 49 5
1 36 6
1 55 2
1 12 66
1 21 19
1 88 45
1 67 36
1 52 54
2 43
1 24 78
1 46 5
1 96 11
1 82 25
1 93 87
1 93 82
1 39 22
1 61 5
1 43 51
1 39 54
1 14 77
3 67
1 56 97
1 30 46
1 51 35
2 11
1 29 46
1 5 19
1 44 18
1 11 79
1 91 88
1 18 80
1 62 78
5 37 85
1 45 82
1 57 28
1 52 43
1 53 44
3 24
2 7
1 24 55
3 66
1 63 40
1 45 87
1 41 66
1 34 4
1 56 25
1 53 36
1 97 27
1 21 91
1 90 6
1 16 30
2 56
1 76 94
2 16
1 41 17
1 75 91
1 89 7
1 11 33
1 94 53
1 68 14
1 83 5
1 78 6
1 35 8
1 38 72
1 7 49
3 67
1 61 71
1 10 78
1 67 51
1 28 32
1 38 34
2 38
2 74
1 95 63
1 76 98
1 86 91
1 76 27
4 38 90
1 44 14
1 28 30
1 52 18
1 87 47
2 77
3 32
1 11 47
1 90 56
1 2 30
1 9 85
1 65 28
1 84 80
1 26 86
2 46
1 59 9
1 20 18
1 55 2
1 28 39
1 51 90
1 86 53
1 89 55
1 86 1
1 73 98
1 86 81
1 62 79
1 44 90
1 12 82
1 10 57
2 80
1 59 25
1 17 64
1 16 11
1 64 96
3 20
1 68 67
3 58
1 75 92
3 75
3 40
1 8 66
1 53 72
3 13
1 68 49
1 86 70
1 23 52
1 12 98
1 20 51
1 55 40
1 20 55
1 25 83
1 80 46
1 5 37
1 36 53
3 99
1 33 67
1 88 99
3 20
2 41
1 30 46
1 38 56
1 7 49
6 70
2 100
1 65 11
1 19 82
2 37
1 9 4
1 16 82
1 37 55
1 9 79
1 75 90
1 51 98
1 84 98
1 55 37
1 71 50
1 1 30
1 29 12
1 17 15
1 85 22
1 59 22
1 86 88
1 4 85
1 42 91
2 51
5 85 78
1 69 67
1 14 92
2 70
1 65 89
1 6 99
1 84 13
2 11
1 61 80
1 12 53
1 88 10
1 77 38
1 49 37
1 52 5
1 68 8
3 25
1 57 73
3 55
1 90 56
1 35 58
1 91 50
1 13 87
1 12 91
1 28 24
1 76 51
3 18
3 64
1 26 79
1 7 95
1 57 72
1 70 86
1 89 87
1 35 34
1 34 46
3 60
3 61
6 15
1 54 16
1 16 95
1 19 78
1 36 25
1 68 89
1 46 52
1 15 8
1 35 86
1 87 76
3 69
1 45 97
1 95 88
1 88 66
1 11 48
2 67
1 33 4
3 80
4 34 86
1 71 5
1 37 42
1 79 91
1 9 58
2 46
1 35 87
2 54
2 68
1 53 45
1 47 90
2 61
1 42 8
1 4 11
1 58 22
1 6 3
1 91 33
1 10 83
1 82 71
2 43
1 88 31
1 73 50
1 76 86
1 16 89
1 19 66
1 95 58
1 2 19
1 17 92
1 41 28
3 91
1 45 20
1 55 15
1 12 39
3 5
1 59 5
2 63
3 95
2 70
1 9 59
1 57 3
3 41
1 20 74
3 8
1 70 8
1 86 25
1 31 15
2 39
1 38 77
1 45 74
5 50 6
1 64 62
1 80 97
1 49 94
1 65 8
1 45 73
1 88 61
6 88
3 57
1 53 51
3 20
1 6 43
1 96 88
1 88 100
1 28 43
3 63
1 5 88
3 6
1 29 49
1 57 73
1 7 50
1 78 65
1 7 80
1 46 1
1 95 97
3 52
1 4 75
1 85 98
3 26
1 5 34
1 39 18
1 62 89
1 15 19
1 93 4
3 50
1 96 90
1 46 54
1 19 96
1 20 94
1 94 8
1 10 90
1 11 78
1 63 86
3 26
2 71
1 50 69
1 60 72
3 86
1 49 61
1 71 26
1 89 2
1 11 85
2 52
1 93 65
2 14
1 97 74
1 65 62
3 75
1 89 56
1 4 69
1 11 63
1 13 96
1 53 25
1 87 2
1 85 92
3 10
1 48 45
2 69
1 80 37
1 38 98
1 58 37
3 52
1 4 26
1 3 24
4 62 44
1 38 52
1 44 61
1 93 61
1 81 36
5 16 95
1 21 15
1 4 71
1 25 20
1 86 16
1 3 69
2 76
1 85 23
1 36 52
1 89 42
1 68 91
1 92 88
1 71 93
1 6 74
1 51 64
2 71
1 85 88
1 36 75
1 77 27
1 17 89
1 87 24
1 18 79
1 92 87
5 63 75
3 74
1 9 51
1 2 19
1 85 68
1 79 44
1 2 9
1 35 45
3 82
1 79 14
1 16 98
1 38 91
1 65 78
3 42
1 64 88
1 18 26
3 53
1 47 55
1 58 15
1 24 25
1 93 86
1 44 50
1 94 29
1 72 74
1 8 74
1 59 51
1 8 49
1 55 46
2 61
1 62 43
1 99 79
1 80 96
1 1 89
1 79 22
1 65 38
2 18
2 97
1 5 3
1 32 67
1 91 86
1 87 36
1 64 69
3 46
5 61 43
1 47 21
1 70 53
1 100 60
1 98 6
1 78 76
2 8
1 29 60
1 52 96
1 77 30
1 57 92
1 5 78
1 37 50
1 33 22
1 13 52
4 91 75
1 34 25
1 50 62
