10 100
3 6
1 8 10
2 9
7
1 5 4
2 6
1 9 10
4 5 2
3 7
2 10
1 1 5
3 2
3 4
5 3 2
4 5 1
3 2
5 5 7
3 7
3 1
3 1
4 5 3
1 6 8
3 9
3 10
3 7
2 6
7
3 6
2 9
3 4
1 5 2
3 9
4 1 4
2 9
1 4 2
5 10 7
6 1
2 7
5 2 6
3 1
2 6
2 4
5 5 8
1 8 4
1 8 9
3 9
1 8 5
5 2 7
2 1
4 9 9
1 10 4
2 8
1 5 10
3 4
2 1
2 9
2 9
3 7
7
3 3
2 5
4 10 7
5 6 1
5 3 9
1 4 1
5 1 10
1 4 9
1 1 6
1 10 5
4 10 4
5 5 3
2 7
2 9
1 4 10
2 3
5 5 7
5 9 6
2 1
1 2 1
3 10
3 9
5 5 3
1 8 9
3 7
7
3 6
3 10
1 3 9
5 3 4
1 1 10
2 9
4 3 3
3 4
3 1
3 5
2 10
3 4
5 7 1
3 6
4 2 5
