1000 1000
3 964
2 63
5 604 384
3 116
3 667
7
2 768
3 612
1 583 270
7
1 259 224
5 695 34
1 226 73
2 944
1 609 742
3 490
2 526
3 951
2 708
1 964 578
5 951 584
5 233 631
2 681
5 82 21
2 580
1 469 438
2 67
3 696
3 344
1 308 899
1 173 191
2 277
3 283
4 417 301
7
4 567 715
3 611
2 266
1 315 76
3 637
3 16
1 532 30
3 740
2 660
3 377
2 437
3 529
2 777
2 390
3 483
5 19 261
1 437 139
3 732
3 405
2 299
5 747 810
5 385 631
1 383 294
3 741
1 164 282
4 469 930
2 830
3 285
5 859 320
3 665
3 561
2 110
2 41
2 855
3 822
3 796
3 833
1 191 776
2 280
5 386 165
3 764
3 746
1 729 947
1 194 79
1 899 428
3 238
5 738 170
2 142
4 702 352
1 198 91
4 73 432
3 706
2 104
3 128
3 423
5 397 420
1 5 932
1 8 991
2 472
5 117 918
7
1 583 723
2 246
1 230 527
1 880 743
3 559
1 670 112
2 696
2 583
7
3 958
1 704 89
1 370 582
2 391
3 951
1 796 288
2 556
1 321 104
5 290 523
2 187
3 536
2 43
5 307 176
3 5
2 443
4 552 864
3 572
4 435 427
1 832 858
5 693 860
1 358 339
1 331 195
5 765 544
2 774
5 596 476
3 79
5 563 890
3 550
1 739 894
2 38
5 101 14
5 310 391
3 632
5 639 211
3 900
2 393
2 770
3 989
5 94 192
5 206 164
2 852
3 427
2 453
1 104 209
2 441
3 28
3 159
7
1 372 653
3 888
2 843
3 289
3 53
1 965 933
2 133
5 727 699
2 192
4 469 96
3 335
4 177 430
5 552 850
2 243
1 399 992
5 815 121
3 556
1 722 737
2 956
1 611 349
4 475 842
3 915
5 552 473
3 895
3 311
2 448
3 655
1 52 543
3 282
2 914
2 307
7
4 352 226
1 377 244
1 282 793
5 938 609
2 4
5 772 522
5 819 742
2 790
2 727
3 674
3 909
3 730
3 312
7
3 956
2 266
5 282 947
5 487 379
4 708 933
5 191 916
4 756 830
1 80 151
2 50
3 11
3 203
7
2 885
3 837
3 71
2 856
1 620 929
5 105 230
7
1 161 464
3 910
1 1 510
2 473
5 159 385
2 541
7
3 422
5 956 758
3 27
2 17
1 31 434
3 443
1 899 901
2 824
2 235
4 146 681
5 698 287
3 103
2 831
1 216 220
5 52 26
5 358 48
3 713
4 103 937
1 288 500
3 878
1 370 332
1 66 621
3 552
3 477
1 430 114
3 865
3 645
2 905
3 967
2 360
3 52
1 353 499
5 168 884
1 366 434
7
2 988
3 536
3 735
7
2 920
1 768 365
1 174 658
2 992
1 459 31
3 292
3 741
2 966
1 894 604
5 251 934
5 695 471
4 423 558
2 492
4 821 904
2 649
5 632 688
5 705 528
5 694 157
3 216
2 550
4 713 116
7
1 132 922
3 136
5 926 744
2 783
2 682
4 668 138
5 375 421
1 850 108
2 92
1 425 590
1 604 109
5 864 818
2 116
3 517
1 841 763
1 180 760
1 179 192
2 240
2 304
6 658
3 294
4 829 132
3 198
1 936 474
3 647
2 554
3 474
4 684 501
3 612
1 334 808
2 429
3 19
3 604
4 582 774
3 42
1 519 701
3 131
3 29
7
5 904 682
4 981 346
1 314 288
3 583
1 698 788
3 171
5 139 313
2 279
2 209
3 985
2 754
4 911 181
5 660 881
5 694 623
3 695
1 322 741
2 315
3 460
2 260
2 256
2 537
3 983
3 472
1 36 542
2 171
1 774 114
2 529
3 848
1 48 591
3 691
3 731
3 367
5 799 385
3 707
3 375
2 912
3 99
5 176 903
2 743
3 277
3 73
3 61
2 255
1 248 926
4 263 325
6 949
3 670
1 582 608
1 840 211
4 555 529
3 76
2 14
2 939
3 80
5 417 279
1 507 728
1 256 935
1 721 969
1 715 399
2 931
2 397
4 258 720
4 466 429
2 368
1 403 89
1 402 796
3 135
3 476
2 929
1 947 980
2 60
1 386 58
6 592
3 437
1 404 905
3 563
3 989
5 279 665
3 296
4 845 837
5 800 342
4 964 469
4 689 972
5 910 100
2 168
6 818
2 638
2 726
2 250
3 628
4 932 342
3 729
3 201
5 37 586
3 783
3 558
5 919 743
3 682
2 129
7
7
2 599
5 832 65
1 174 164
2 406
2 260
3 533
1 292 749
3 956
3 521
4 251 256
1 644 357
1 62 507
3 220
5 841 890
2 75
3 742
4 215 216
3 665
2 462
2 929
3 61
2 537
3 627
3 451
3 997
1 624 27
2 568
7
5 804 338
1 497 884
3 391
1 850 297
3 403
1 419 306
2 236
2 185
1 843 98
5 941 764
3 417
2 852
3 586
7
2 442
4 307 402
1 586 731
3 224
5 108 649
4 194 783
5 8 63
3 362
4 613 421
3 998
1 556 176
3 128
3 873
1 389 400
5 379 99
1 457 639
5 190 702
1 314 960
5 362 372
3 226
5 638 693
2 844
3 260
2 888
7
2 274
2 187
3 819
1 197 199
2 153
3 28
3 622
1 749 48
2 594
3 658
1 545 162
1 152 66
2 694
4 940 119
5 20 871
1 418 804
5 506 846
2 713
1 734 893
3 450
4 169 926
3 660
7
7
1 266 726
3 775
1 980 33
4 831 92
1 507 880
2 443
1 14 661
1 324 826
1 79 150
2 219
3 137
2 501
2 293
3 936
1 287 266
1 545 118
1 68 229
2 814
2 954
7
1 585 968
1 18 695
2 380
3 278
6 48
2 654
2 236
7
3 328
4 422 491
3 673
3 513
3 19
3 108
3 932
4 60 506
3 565
2 685
1 286 875
1 447 655
2 186
3 502
3 609
2 988
2 701
3 254
1 642 813
3 532
3 715
7
7
2 492
1 454 209
4 356 897
2 88
3 638
1 190 479
1 231 899
1 14 838
5 913 217
1 186 435
1 316 639
4 84 50
3 142
5 457 487
1 532 940
7
3 801
4 777 153
2 139
1 843 497
3 888
4 893 730
2 280
5 387 756
2 582
3 189
3 802
1 224 911
2 134
4 200 738
5 848 428
2 353
3 163
1 45 805
3 430
3 210
2 62
1 801 90
4 248 432
3 868
4 860 785
5 691 58
2 324
2 421
5 303 843
3 870
6 45
3 456
5 868 21
2 675
2 175
3 942
6 296
5 851 518
2 120
1 4 945
3 829
2 868
2 587
2 889
2 152
7
3 439
2 329
1 455 999
3 724
2 490
2 566
5 29 864
2 953
5 166 712
5 798 166
1 307 142
2 508
1 250 170
1 80 311
4 683 311
4 470 728
5 905 602
2 461
4 135 321
3 883
7
1 286 11
7
3 636
3 229
1 575 484
4 571 863
4 306 933
3 337
3 388
3 160
5 707 78
2 895
4 531 951
3 855
3 852
2 20
1 573 622
5 660 661
3 584
1 203 746
1 653 250
1 415 153
3 892
1 601 672
2 532
1 697 255
3 973
3 671
2 997
1 610 490
3 904
5 619 561
1 119 783
3 269
5 767 785
3 380
1 922 553
3 688
1 430 976
3 278
3 30
1 535 560
2 967
3 122
3 580
3 562
3 745
2 898
5 48 514
3 182
2 447
1 58 194
5 885 565
2 403
4 768 306
2 372
3 915
5 513 580
5 878 438
1 709 928
1 745 852
4 688 863
4 374 445
1 981 790
4 756 904
3 349
3 614
3 148
5 931 246
3 180
3 724
3 463
5 345 517
2 652
3 565
2 411
4 171 62
2 675
1 602 334
3 274
2 655
7
3 825
7
1 290 85
5 518 692
5 583 598
5 320 177
5 314 279
6 832
3 88
3 144
1 239 49
3 6
3 661
3 735
2 642
1 497 737
4 799 613
2 743
3 971
1 897 371
1 48 39
2 59
4 606 765
1 163 699
4 957 896
5 173 64
2 399
5 103 179
3 366
2 561
2 492
3 192
6 608
5 453 686
1 549 380
1 167 790
1 66 359
1 300 645
2 132
3 875
7
2 720
3 481
2 621
1 569 704
3 448
2 463
3 516
7
3 936
5 336 360
4 928 668
1 55 111
4 835 681
1 463 22
2 843
1 802 463
3 252
3 769
1 380 516
2 417
5 220 669
5 840 877
1 376 230
3 278
1 153 373
1 665 509
3 741
5 630 258
4 322 46
3 649
3 854
3 54
3 47
7
3 711
1 954 752
4 665 31
3 221
2 319
3 530
3 670
2 992
1 476 894
3 179
1 133 621
1 226 306
2 223
3 354
1 438 276
3 226
4 538 201
5 409 952
3 318
1 736 564
2 96
3 20
1 364 809
1 846 493
5 99 118
5 410 39
1 409 185
4 496 115
3 397
1 887 126
3 377
5 39 17
2 949
6 894
3 95
2 50
5 538 258
6 675
1 991 157
2 88
3 532
2 925
3 588
3 218
1 433 457
5 361 46
2 246
4 215 118
3 301
5 285 848
3 239
2 472
2 593
2 482
3 419
1 202 61
2 889
4 761 446
3 66
3 735
5 555 583
1 497 756
5 918 962
4 562 914
2 269
3 474
1 132 17
3 797
2 602
4 120 276
3 554
3 830
2 590
3 209
1 333 886
3 313
4 296 8
5 88 362
4 866 871
5 497 891
2 408
2 244
1 287 392
4 383 568
2 24
2 800
4 794 77
2 721
7
5 623 712
3 982
1 742 464
2 476
2 828
4 526 440
5 40 96
2 123
4 78 397
3 23
1 1000 461
1 845 310
5 850 407
2 568
5 441 938
3 209
4 875 267
5 349 583
5 558 664
3 339
1 272 791
3 89
2 691
2 289
1 490 197
2 777
3 143
2 471
2 571
2 370
2 411
2 220
2 729
3 24
1 674 70
6 230
3 189
1 784 789
2 914
3 515
3 112
1 443 975
4 460 531
1 975 339
4 526 451
3 565
5 575 887
3 927
3 684
4 30 9
2 846
2 266
5 834 866
3 727
1 258 345
4 315 816
1 208 838
2 949
2 441
3 413
5 959 464
5 263 77
4 512 945
2 423
2 788
3 295
4 335 893
7
5 126 109
5 526 896
3 325
3 544
1 76 632
7
2 612
5 831 520
2 989
5 921 349
1 841 206
3 683
4 760 996
4 782 629
1 980 828
2 455
6 594
1 660 859
1 939 11
2 306
2 731
4 147 84
5 514 93
1 587 860
5 298 499
2 635
5 562 38
2 313
5 727 216
3 12
2 684
1 403 704
5 338 361
3 438
3 740
