1000 1000
2 92
5 259 642
3 479
1 132 664
5 350 945
1 533 669
3 867
1 454 334
3 109
2 533
2 576
3 803
1 347 358
1 377 754
1 79 518
3 310
3 938
5 321 109
1 820 311
3 258
2 643
5 301 647
4 236 107
1 979 838
4 535 386
1 717 278
4 278 393
1 659 559
3 989
1 639 724
2 255
5 747 124
1 22 194
1 653 503
3 448
2 687
1 135 597
1 330 465
3 353
1 253 37
1 22 805
3 174
1 595 153
3 239
3 123
1 228 980
2 327
1 246 619
3 328
1 884 720
4 510 815
3 399
2 740
3 285
1 983 113
2 237
2 426
3 845
1 404 895
1 284 685
1 825 414
5 978 653
2 765
1 472 966
1 260 177
5 640 620
3 858
3 433
2 693
2 733
3 710
2 931
3 857
3 98
3 506
3 719
1 937 595
3 24
4 262 381
1 788 239
3 913
2 751
1 570 956
1 211 466
3 504
4 775 985
5 186 565
4 697 159
5 266 934
1 966 194
2 643
1 154 539
2 340
3 187
5 796 185
4 892 829
3 789
2 15
1 998 808
5 848 667
3 893
2 509
5 872 524
3 700
3 122
2 960
3 561
3 522
5 996 777
2 74
2 206
2 119
1 602 784
1 362 451
5 7 32
5 596 127
1 506 217
5 167 412
3 610
1 234 548
1 481 726
4 575 290
3 500
3 656
2 603
1 186 97
1 743 387
3 364
5 109 446
3 690
3 162
1 78 192
4 930 859
2 589
5 971 343
2 278
3 168
1 271 211
2 167
2 458
2 411
1 293 253
2 493
2 481
3 546
2 712
3 93
4 623 934
5 2 424
3 747
3 368
1 481 342
3 71
2 211
3 669
2 915
1 790 775
3 665
2 452
5 643 633
3 74
1 672 27
3 388
3 177
3 751
5 134 1
2 315
2 84
2 262
3 959
1 667 872
1 865 26
3 283
3 217
3 575
3 576
2 34
3 864
4 996 125
4 77 805
1 951 613
5 394 256
1 85 148
3 818
2 247
3 983
5 370 177
2 800
3 268
4 960 451
1 210 229
4 480 632
3 632
3 898
2 268
5 864 167
3 904
3 732
2 581
1 804 905
3 299
2 34
2 222
4 921 591
2 341
5 533 750
2 464
3 769
5 331 614
1 120 64
3 954
4 707 17
3 38
3 134
3 172
4 19 114
3 833
1 157 650
5 722 880
4 878 934
3 441
3 666
2 621
3 613
1 698 528
3 897
1 812 794
4 267 849
5 272 791
1 577 554
2 552
3 570
3 562
3 941
5 84 510
2 537
6 304
2 784
3 727
2 619
2 801
2 777
4 389 72
3 582
3 278
2 208
3 131
5 16 982
4 10 560
2 653
1 906 650
5 750 674
3 289
5 586 133
2 829
2 929
2 665
1 541 815
4 704 936
5 914 788
2 849
3 446
4 927 464
5 569 668
1 104 61
1 105 355
3 415
3 29
3 180
5 275 385
4 272 414
1 288 617
5 432 423
2 395
1 632 138
2 255
4 852 118
2 581
1 722 950
1 563 49
3 780
1 225 601
2 162
3 167
3 579
3 838
3 387
4 624 926
5 624 161
1 403 759
3 86
3 680
4 925 931
3 414
3 925
3 575
3 475
2 780
3 284
5 484 798
2 607
3 562
3 83
2 878
1 796 842
3 415
2 471
3 257
3 243
5 320 246
3 513
1 680 687
5 917 98
1 595 455
3 391
1 29 741
2 170
3 891
3 882
2 795
3 837
1 693 485
2 875
2 202
1 911 244
2 181
3 237
2 788
2 773
5 46 866
6 534
1 295 183
3 76
2 919
5 803 455
6 597
3 446
4 959 580
2 563
2 358
3 495
3 328
2 764
3 312
3 759
1 706 206
4 77 345
2 639
3 594
5 915 545
2 41
3 650
2 297
3 281
4 273 759
3 106
3 499
2 82
2 954
5 230 163
4 562 567
4 547 5
3 686
2 812
5 677 481
5 651 618
2 326
2 224
2 531
1 253 809
2 880
3 802
3 820
5 786 492
2 619
2 44
3 654
3 146
3 662
2 213
6 134
1 648 474
1 643 662
3 909
3 977
1 524 776
3 427
3 625
4 263 305
1 5 758
1 742 982
3 119
3 67
1 755 244
2 610
3 866
5 43 707
3 232
2 462
1 314 445
1 321 831
5 941 334
3 796
2 832
5 216 491
5 498 170
4 894 448
1 844 327
3 816
5 940 977
1 981 296
5 209 965
2 32
2 317
5 314 117
3 558
3 441
2 935
4 847 334
2 653
2 454
4 210 267
4 71 6
3 654
2 632
3 818
3 395
5 458 852
2 364
4 928 296
3 62
1 33 444
3 521
1 268 550
3 424
1 987 412
3 856
4 510 132
6 238
1 976 901
1 134 597
1 524 111
5 123 913
1 342 6
1 92 720
5 696 417
3 357
3 114
3 864
2 814
1 632 686
3 658
1 120 421
1 208 172
5 810 500
5 761 590
3 25
2 163
2 31
3 581
3 300
4 624 86
3 914
1 892 763
3 690
1 855 180
1 438 414
4 319 594
5 250 660
3 530
2 194
5 507 843
5 949 452
6 115
5 153 591
1 652 532
3 180
1 525 138
1 337 837
1 333 451
2 199
2 528
3 567
2 684
1 283 351
1 599 638
3 38
5 284 723
4 381 803
3 828
3 441
5 129 32
1 382 285
3 211
5 663 810
2 524
1 680 182
2 13
4 909 792
2 326
4 96 483
2 275
3 350
3 339
4 243 875
2 822
3 399
5 636 723
3 271
5 185 434
1 902 859
1 421 946
1 868 755
5 658 102
1 148 619
1 80 902
3 838
2 480
3 309
1 272 187
5 414 356
4 40 852
3 226
5 4 437
1 326 609
4 885 989
5 547 342
3 91
3 584
2 878
2 903
4 71 820
2 327
2 343
4 620 492
1 51 934
3 663
2 538
1 548 731
5 905 725
1 801 583
2 699
4 41 196
3 842
5 496 433
3 280
5 452 950
3 711
5 410 623
3 602
3 673
2 229
3 134
3 257
2 801
2 769
1 535 490
3 806
2 280
3 324
1 763 424
1 690 121
2 941
6 527
1 835 126
1 229 859
3 265
2 594
3 288
4 282 309
4 75 858
1 325 316
2 197
1 98 576
5 60 445
1 100 983
1 139 498
2 738
1 935 141
3 216
2 210
4 269 247
3 681
5 188 461
2 247
3 57
2 451
1 694 302
5 999 296
2 354
3 204
3 308
1 75 914
3 509
1 941 335
4 433 523
2 818
1 279 614
3 249
1 782 249
4 388 452
3 163
3 975
3 91
1 777 972
1 240 105
5 439 277
5 789 16
1 838 493
3 599
3 766
3 495
1 853 151
2 924
1 333 679
2 83
1 503 551
5 619 387
3 661
5 189 196
3 723
3 543
5 301 966
1 571 560
6 247
3 248
1 765 509
3 872
1 306 770
1 313 892
1 546 70
5 278 394
2 686
3 406
4 783 877
1 354 412
1 912 800
3 81
5 44 624
1 609 983
4 5 745
1 184 128
2 835
4 766 948
3 520
4 791 828
3 184
2 309
1 70 79
2 124
1 993 294
2 909
2 899
1 914 950
2 346
2 110
1 660 578
3 989
4 934 539
5 764 782
4 793 302
3 289
5 218 693
3 816
2 691
2 410
3 928
2 576
2 646
1 885 517
2 181
5 482 459
3 891
1 819 516
5 363 827
3 480
2 721
1 621 394
2 313
5 669 345
5 94 625
2 233
2 61
2 429
4 533 711
3 932
5 342 299
1 977 924
2 641
1 276 620
3 720
5 349 727
1 529 306
3 770
2 377
2 999
3 961
3 259
5 459 28
5 395 914
2 158
2 913
1 811 668
1 985 343
3 159
1 661 82
5 251 145
2 365
5 704 141
1 990 122
6 110
5 231 165
4 917 546
2 777
1 152 766
3 823
2 209
2 196
3 166
5 797 34
2 635
3 871
1 556 343
5 586 772
3 42
3 833
1 668 400
1 32 214
3 458
2 527
2 583
6 816
2 396
3 751
1 514 67
1 390 924
2 490
1 762 928
3 899
5 533 429
5 214 740
1 238 398
1 997 774
4 678 835
3 111
1 72 13
3 638
5 721 520
3 931
5 419 885
3 611
2 746
3 718
1 323 696
3 92
3 5
3 470
5 64 205
5 760 824
2 521
2 640
3 227
2 507
2 733
1 954 13
1 903 208
4 91 355
4 128 514
5 131 792
1 440 22
3 162
3 464
6 486
1 192 918
1 155 229
1 554 304
3 961
2 418
3 788
1 165 348
2 953
1 401 324
2 462
2 766
5 784 387
1 298 646
5 416 145
5 308 537
2 696
2 825
1 406 650
2 206
3 863
5 457 854
3 940
3 842
2 93
3 679
1 661 225
2 393
2 663
3 929
4 393 235
3 513
1 258 174
2 368
3 545
2 967
5 152 369
3 739
5 9 971
3 124
2 636
4 720 730
5 94 603
4 576 347
1 725 868
3 862
3 527
1 483 820
3 460
3 556
3 938
1 188 535
1 961 449
3 411
3 883
3 288
2 735
3 13
1 285 257
2 40
1 687 68
2 753
5 924 797
2 985
3 542
3 700
2 399
1 960 993
6 551
3 145
3 57
5 197 893
1 604 217
4 887 364
2 823
3 592
3 176
1 303 132
3 179
3 5
1 87 569
2 736
1 553 20
5 41 790
1 955 196
5 214 227
3 125
2 313
1 204 430
2 837
3 383
3 875
2 363
3 706
3 701
1 662 881
4 671 510
2 618
2 526
1 136 26
2 641
3 315
2 498
4 301 730
3 369
1 576 778
3 573
1 900 484
4 98 533
2 510
3 22
2 162
3 561
5 299 976
3 936
1 264 871
4 902 687
6 456
4 313 713
5 918 678
3 182
2 953
3 866
2 881
2 160
2 864
2 12
3 311
4 867 97
5 133 619
3 198
2 666
5 896 908
2 382
2 151
2 308
2 915
3 151
2 969
3 262
3 322
3 816
2 518
2 897
3 283
3 216
2 294
3 540
4 100 60
1 249 377
4 474 763
1 586 935
3 756
3 309
2 661
1 144 826
3 514
1 811 388
3 341
1 84 954
4 103 445
3 536
5 982 344
2 804
3 300
2 909
5 931 470
3 407
2 6
4 100 501
3 545
3 459
3 823
5 638 898
2 205
4 593 62
3 979
3 592
3 647
1 680 779
3 756
5 991 912
1 268 670
1 749 115
2 12
3 952
5 943 551
2 831
2 965
4 185 184
5 95 319
1 10 44
5 16 845
3 328
1 979 983
4 769 286
1 319 587
1 17 105
1 917 27
6 962
2 431
4 635 49
1 375 828
3 709
5 157 314
3 832
5 952 463
3 219
3 226
1 482 104
4 647 746
3 694
3 3
2 832
2 122
2 87
3 632
3 721
6 32
2 973
3 210
2 878
2 489
2 325
3 495
5 765 740
2 261
3 622
