100 1000
5 81 80
5 8 45
3 78
7
2 50
1 70 47
7
2 77
2 83
1 69 23
2 19
7
5 38 33
3 17
5 22 58
7
3 4
3 94
1 74 38
3 44
7
5 100 95
2 16
2 34
4 14 97
3 95
7
7
5 77 9
4 80 53
7
3 96
1 28 9
7
5 9 43
1 14 80
2 73
4 41 73
3 90
3 37
2 31
3 46
2 27
5 82 33
4 40 11
2 42
3 4
4 33 27
1 85 23
2 59
7
2 92
7
1 49 95
2 80
3 59
2 57
5 95 94
1 60 4
5 71 44
3 7
1 19 85
2 72
3 40
2 99
1 35 15
1 92 27
1 70 48
5 36 35
3 27
4 66 46
3 2
1 92 80
1 84 96
1 85 86
3 89
4 34 88
5 65 5
2 84
4 94 90
5 86 52
2 26
4 45 87
3 65
5 25 92
2 72
3 81
1 26 24
1 74 29
2 95
7
5 91 79
3 50
3 28
3 35
2 2
4 9 70
3 52
5 3 72
3 92
3 47
7
3 86
3 36
7
2 34
1 73 51
5 91 55
1 47 80
2 51
7
4 36 49
4 35 37
1 67 89
4 99 97
2 23
2 71
1 80 60
7
2 81
5 32 93
1 68 2
1 77 50
7
2 59
3 36
2 9
2 91
5 52 4
2 82
7
5 23 20
5 33 7
4 16 99
5 55 36
2 23
5 41 71
1 88 10
1 43 13
3 35
3 94
5 9 66
1 89 69
2 98
7
1 90 32
1 10 99
2 97
1 74 9
5 89 53
5 83 59
3 81
3 1
5 10 97
7
1 36 17
1 37 43
4 84 63
2 64
7
3 17
2 63
4 5 21
4 63 13
3 25
1 98 96
2 32
3 97
1 98 29
2 41
1 72 55
3 83
3 36
3 31
7
5 95 63
2 61
3 44
3 60
2 56
1 47 42
1 34 22
1 29 66
5 14 19
4 62 36
1 14 77
1 81 66
2 93
5 10 16
5 19 39
2 85
5 88 39
1 45 67
7
2 38
1 85 27
5 42 32
3 37
4 72 4
7
1 64 53
3 17
2 38
6 96
1 76 89
4 98 99
4 77 21
4 74 64
7
1 68 51
1 99 30
3 61
2 82
7
7
1 16 4
1 30 55
4 3 65
7
4 92 38
2 38
3 8
4 52 48
5 32 70
3 59
1 41 78
1 65 3
2 100
3 65
5 41 86
5 35 67
3 58
1 55 22
1 30 66
2 100
2 68
5 93 7
4 100 99
3 90
1 93 91
2 97
5 39 33
3 11
3 98
7
2 45
2 2
5 29 55
5 45 60
2 7
2 9
3 43
1 79 49
1 65 88
4 69 90
3 20
2 51
4 8 10
1 54 55
1 33 36
3 98
2 25
7
5 71 24
7
5 55 91
5 10 90
5 92 94
7
4 55 40
4 68 66
2 68
4 80 28
7
4 95 11
5 38 69
5 66 53
1 76 90
2 19
5 28 34
1 31 15
3 89
7
5 81 89
1 73 5
2 89
5 42 4
5 74 27
7
5 9 62
1 83 23
5 44 4
1 28 81
4 58 7
5 8 79
6 49
7
2 84
5 2 97
1 15 38
3 57
5 59 27
5 18 71
7
5 10 58
1 34 3
1 68 78
3 54
7
3 54
2 100
3 36
4 68 39
1 4 39
3 55
5 66 32
5 9 33
3 100
2 9
3 59
2 81
2 27
2 78
1 75 29
1 51 68
3 3
2 10
1 7 64
6 25
5 62 44
3 86
2 25
3 95
4 17 71
1 85 94
3 39
5 79 95
4 31 11
5 25 49
7
1 35 23
5 16 62
2 46
3 11
3 48
1 98 83
1 27 94
5 21 96
3 1
3 65
4 86 92
7
1 54 6
4 15 2
5 3 71
3 46
2 96
2 100
1 31 90
4 80 76
1 28 56
7
2 15
2 41
2 40
3 26
1 57 48
2 87
1 21 18
7
5 38 82
7
7
3 17
2 81
3 84
1 63 42
7
5 76 33
4 21 81
5 37 36
4 34 51
5 54 70
3 34
1 56 64
1 5 62
1 80 100
1 27 69
3 6
5 15 53
3 63
1 33 39
7
1 29 53
1 83 44
5 69 65
1 65 77
1 80 93
1 3 73
2 78
5 64 52
7
1 98 5
2 42
3 19
3 14
1 40 27
7
2 89
2 25
3 18
2 75
1 70 39
3 47
5 75 2
4 72 50
7
1 6 29
2 27
1 35 29
3 66
7
7
7
2 33
1 59 17
1 45 29
2 51
5 92 74
3 86
4 65 22
5 94 53
1 30 99
5 21 41
5 46 34
1 87 89
3 12
2 90
3 85
6 39
4 53 48
5 77 42
2 45
2 23
3 14
4 44 54
7
3 26
5 96 98
5 90 69
4 17 45
3 69
3 14
4 63 91
5 30 77
3 87
4 78 2
2 6
3 28
3 77
1 39 84
7
1 5 61
1 46 25
5 86 55
3 75
5 76 75
7
2 37
2 52
4 81 54
2 45
1 97 59
5 21 48
2 27
1 3 78
5 92 24
3 72
1 23 13
2 82
1 47 50
2 1
3 30
3 84
1 77 28
2 81
2 36
5 32 49
2 42
1 96 91
7
1 3 57
1 64 54
7
1 10 61
3 69
5 42 28
3 5
1 35 48
1 22 19
1 35 4
1 44 29
4 97 53
2 6
3 56
1 70 80
3 28
5 55 82
3 35
1 2 12
3 86
3 75
1 7 3
2 98
1 59 72
5 94 35
4 29 47
4 14 32
2 11
7
4 100 47
2 98
3 89
2 54
1 36 46
1 77 85
4 51 53
1 12 86
4 75 10
3 10
3 71
5 20 37
3 76
2 73
7
2 35
3 36
3 12
7
4 2 64
3 80
5 84 91
3 1
5 5 74
7
5 39 21
3 92
2 50
1 19 78
5 11 39
2 18
2 35
4 79 61
5 81 17
1 86 47
2 19
2 53
1 2 10
4 60 56
1 46 61
2 6
5 85 58
2 99
4 87 8
2 56
5 58 63
1 45 56
3 71
2 8
7
2 24
5 10 37
7
3 36
2 9
7
3 14
3 31
5 29 95
7
4 63 75
4 54 81
1 98 34
4 23 73
2 59
1 93 75
7
7
7
3 8
5 18 80
5 100 6
3 9
1 76 70
2 54
5 72 36
2 99
3 17
5 58 43
5 45 88
3 93
1 64 69
2 72
3 20
7
1 80 82
5 87 41
7
3 59
4 13 71
1 83 32
1 19 62
1 84 55
1 8 49
2 31
2 45
1 88 77
4 6 61
3 10
1 60 83
2 58
1 69 4
3 95
1 87 85
2 65
5 69 31
4 32 96
2 87
1 64 68
2 66
1 81 63
1 2 23
4 100 78
2 73
3 89
5 87 99
1 30 9
1 32 46
2 81
3 91
1 52 5
1 20 22
1 70 30
2 62
3 90
5 99 59
3 71
3 26
3 40
5 29 48
2 72
4 95 76
3 94
1 37 59
3 16
1 86 21
5 10 44
7
3 15
5 92 6
1 18 66
7
2 25
2 100
2 92
4 15 13
7
5 39 33
5 31 95
7
7
1 80 56
2 56
2 57
2 24
1 49 7
2 44
1 46 41
5 32 54
5 71 85
1 53 62
2 46
1 38 67
1 14 73
3 66
1 23 35
2 48
4 32 88
7
4 28 33
2 91
2 62
2 26
3 89
5 58 54
5 87 94
1 81 88
5 29 38
5 64 91
4 22 47
4 29 78
3 44
2 83
5 74 95
5 71 56
3 48
2 46
5 95 94
1 80 94
5 82 5
5 31 84
2 16
2 58
3 42
2 16
1 39 15
1 91 92
3 73
7
5 75 49
4 17 44
7
5 4 26
3 4
2 99
4 69 100
4 1 62
2 78
3 46
2 8
7
2 94
1 31 71
1 6 31
7
1 69 12
7
7
2 70
1 19 68
7
2 60
3 92
5 11 41
3 18
1 11 95
2 83
7
7
2 36
4 8 68
7
3 51
5 1 39
7
2 58
4 8 16
3 38
5 73 53
2 43
5 85 55
2 56
3 2
7
1 6 37
5 88 43
3 2
2 81
1 74 44
3 80
5 83 41
3 47
3 29
3 86
1 86 67
5 80 49
3 94
2 74
5 71 11
3 72
5 52 2
1 39 82
4 19 47
5 22 81
4 37 82
2 37
4 92 96
7
3 100
1 92 31
5 71 47
2 31
3 93
5 42 72
7
5 66 48
5 49 37
5 97 39
2 11
5 4 60
1 24 99
5 96 24
3 64
2 15
3 83
3 18
3 3
5 73 89
2 86
1 33 70
3 50
4 24 4
7
2 76
5 31 13
4 91 7
1 92 34
5 87 96
1 26 69
1 74 3
3 77
2 24
1 81 42
4 94 56
3 57
1 62 100
7
5 52 5
3 39
3 5
3 42
3 79
7
7
1 49 57
4 75 60
1 48 46
3 34
3 41
1 75 50
1 16 41
2 10
5 96 78
1 35 55
7
3 23
3 38
2 49
2 49
7
5 47 80
5 82 66
3 39
2 77
3 19
5 88 40
7
5 33 34
4 41 73
5 97 40
4 59 66
2 47
3 44
7
3 92
1 95 36
5 8 35
1 33 88
5 42 66
7
4 65 13
3 35
5 8 57
4 54 78
4 79 30
1 58 89
5 7 13
2 80
4 91 46
3 25
5 33 20
5 69 97
1 1 31
2 67
2 86
5 31 69
7
5 83 35
7
3 64
7
4 83 13
7
5 42 47
4 32 12
5 86 5
1 44 4
2 16
4 18 46
4 83 67
3 64
1 7 47
5 47 80
3 87
3 74
5 54 21
5 76 80
1 26 29
1 91 30
3 58
5 16 45
5 1 52
5 83 16
5 52 16
3 48
3 29
4 34 1
7
2 43
1 20 94
2 21
2 39
2 3
1 2 89
7
3 31
5 50 7
2 57
2 24
3 87
5 80 78
2 13
5 3 55
2 25
1 93 44
5 97 8
2 78
3 7
3 80
5 53 18
7
2 6
1 27 41
1 61 8
2 70
1 96 77
5 100 37
2 2
5 2 39
1 61 46
2 65
2 38
1 76 53
4 6 67
2 63
5 7 26
4 15 66
4 41 36
4 25 94
1 89 47
1 84 40
4 77 7
3 92
1 67 55
5 13 73
3 47
5 31 10
3 48
5 72 9
5 10 96
5 60 59
3 20
2 72
3 15
5 64 60
2 84
5 17 37
3 63
2 12
1 68 10
5 41 7
1 1 28
5 37 10
4 8 62
2 24
7
3 45
7
5 46 88
4 58 44
2 15
1 50 51
5 72 23
3 76
4 68 5
1 84 93
5 21 25
7
3 77
3 38
