50 1000
2 38
1 18 16
2 37
1 11 21
1 30 49
2 30
2 37
3 1
2 8
3 3
2 15
3 50
1 11 2
1 37 19
2 35
2 6
1 5 25
2 3
3 41
1 34 17
3 30
3 8
1 26 42
3 27
3 37
3 49
1 23 50
3 43
3 39
1 11 39
3 43
2 26
2 46
3 40
2 8
1 23 14
3 37
3 10
2 2
3 2
1 48 32
2 48
3 42
3 20
3 20
3 43
1 27 38
3 12
2 14
2 48
1 48 20
2 3
3 22
2 46
1 44 33
1 15 34
3 6
3 50
2 3
2 1
2 26
2 17
2 23
3 2
1 49 26
3 29
3 33
3 27
3 4
2 28
2 6
3 42
3 7
3 5
1 20 19
3 32
3 33
3 50
3 34
1 33 23
3 20
2 19
3 1
3 12
3 12
3 26
2 10
1 40 13
2 1
3 4
3 20
1 29 3
3 6
3 19
3 18
1 5 9
2 45
2 8
2 15
3 22
3 5
1 27 26
3 21
2 36
1 6 9
2 32
1 47 1
1 38 9
3 16
3 44
1 40 3
3 2
3 10
2 32
2 2
1 11 29
3 1
3 33
1 42 48
1 38 5
1 5 50
1 47 20
2 31
3 28
1 29 40
1 10 25
2 9
1 48 17
2 3
2 15
2 19
1 6 11
1 28 47
3 13
2 18
2 11
3 39
3 1
2 20
2 1
2 3
3 10
1 17 1
3 49
2 21
1 6 3
2 46
3 15
3 1
1 8 28
3 3
2 18
3 19
2 20
2 14
1 6 27
3 45
3 26
3 14
1 19 39
3 30
3 45
1 26 29
2 36
3 16
2 1
3 28
3 46
2 14
2 16
2 21
2 37
3 41
3 45
2 45
2 4
2 26
3 23
2 48
3 14
2 2
3 25
3 16
1 39 43
1 26 43
2 14
2 9
1 44 27
2 12
3 4
1 38 50
2 35
3 5
2 40
3 39
3 43
3 29
1 3 29
1 35 40
1 39 48
2 3
2 20
2 40
2 39
1 29 23
2 38
2 25
1 44 14
3 47
2 45
2 47
2 31
2 50
3 27
2 48
1 49 42
6 15
3 40
1 35 5
2 24
2 30
3 33
3 48
1 36 48
2 48
2 22
1 6 12
1 11 37
1 37 38
3 13
2 11
2 8
3 50
2 10
2 20
3 41
1 1 28
1 44 26
2 29
2 13
1 36 7
1 31 38
1 14 34
3 10
1 47 45
3 9
2 21
1 2 30
3 26
3 31
1 50 18
3 13
2 44
3 17
2 17
3 3
1 18 5
3 21
3 7
3 18
1 9 47
1 37 40
3 47
3 34
3 37
3 38
3 25
3 48
2 50
1 32 5
1 40 37
3 43
2 30
3 12
3 26
2 40
6 37
2 41
2 48
3 33
2 44
2 41
3 39
2 10
3 17
2 17
2 16
1 50 44
2 37
1 5 1
3 28
3 16
2 20
3 9
1 22 40
2 38
3 37
1 32 13
2 10
1 12 50
3 24
1 13 8
2 14
2 3
2 24
3 18
1 43 35
3 25
1 15 44
1 6 50
1 18 11
2 16
3 19
1 34 44
1 18 35
2 7
2 14
3 23
2 22
2 6
2 9
3 6
1 49 2
1 36 32
1 3 17
2 18
2 17
2 28
3 38
3 36
2 11
3 45
3 18
1 11 30
2 25
3 25
1 50 40
2 44
2 19
1 28 49
3 1
2 42
2 26
2 10
3 48
3 23
2 38
3 27
1 22 20
2 44
2 43
2 33
3 41
3 4
3 33
2 19
2 32
3 34
2 29
2 41
2 5
2 50
3 25
3 29
3 43
2 17
2 43
2 10
3 6
3 39
3 43
3 47
1 33 40
1 7 11
2 29
6 48
1 47 10
2 22
2 15
1 13 45
1 25 15
3 40
3 41
3 40
3 28
3 25
3 23
3 42
3 34
3 12
2 6
3 39
2 49
2 6
1 31 35
2 33
2 26
3 49
3 40
1 46 20
2 48
2 28
1 32 31
3 22
3 33
3 10
1 38 35
3 40
2 13
2 26
3 7
2 23
1 14 16
3 16
3 7
2 46
2 30
2 35
1 22 18
2 21
3 4
2 14
2 19
2 4
3 46
3 34
2 2
2 17
3 13
2 4
3 36
2 41
3 30
1 4 10
2 13
2 19
1 26 9
3 6
2 45
2 47
3 27
2 20
3 12
2 23
3 9
2 48
3 33
1 48 28
2 16
2 17
1 2 25
2 41
1 1 37
3 36
3 33
2 20
1 29 33
2 26
1 11 46
3 24
2 34
2 21
3 31
3 48
1 41 28
3 15
1 42 1
3 13
1 36 1
6 40
2 43
2 21
1 47 46
2 24
1 14 15
1 31 3
3 37
1 29 1
2 4
2 37
3 28
2 25
3 3
2 21
3 21
3 49
1 32 18
2 31
2 29
3 6
1 2 14
2 45
3 3
1 40 6
3 20
2 30
3 12
3 48
1 30 38
3 7
2 21
1 43 46
2 43
2 44
3 42
1 21 32
3 22
2 25
2 47
1 43 34
3 19
1 8 29
3 36
2 22
1 42 47
1 49 18
3 48
2 3
3 21
3 14
1 2 50
3 31
1 26 27
2 48
1 32 31
1 28 10
2 31
3 39
3 11
2 18
2 25
1 1 14
3 48
1 10 24
2 3
1 48 4
2 49
1 38 31
2 43
3 50
2 18
2 10
2 6
1 2 9
3 15
3 7
2 23
3 8
3 10
2 6
3 42
2 22
2 41
1 31 14
1 37 14
2 19
3 1
3 36
2 20
3 50
2 7
3 12
1 20 32
3 32
2 2
3 15
2 9
2 13
1 10 16
3 27
3 9
3 7
1 11 3
2 18
2 1
2 18
3 17
3 4
1 5 46
1 25 26
3 16
3 14
1 27 19
2 6
2 45
3 44
2 4
3 25
2 17
3 7
2 33
3 24
2 45
1 37 45
3 10
1 36 30
2 29
2 19
1 49 41
1 6 19
2 50
2 35
3 24
1 3 34
2 43
6 2
2 12
3 10
2 20
3 13
1 42 17
3 23
1 35 33
3 50
3 24
3 11
3 46
1 27 48
3 42
1 26 24
1 6 49
3 49
2 45
2 43
2 33
2 16
2 11
2 32
1 33 13
2 47
2 31
2 11
3 8
3 21
1 19 45
2 39
3 42
2 39
2 50
2 26
2 41
3 41
2 23
1 1 45
1 16 44
2 50
3 28
1 47 35
3 29
3 32
2 17
2 49
2 27
1 45 31
2 14
3 7
3 23
2 6
2 2
3 14
3 7
2 35
3 32
3 17
2 41
2 5
1 47 46
1 13 39
3 43
1 6 40
1 16 38
3 50
2 21
2 36
2 8
1 29 35
3 25
3 27
3 11
3 4
3 47
1 40 43
2 16
3 18
3 39
2 49
2 18
2 6
1 45 6
1 37 50
1 45 29
1 4 48
2 50
1 16 39
3 33
1 35 13
1 14 4
1 19 43
3 12
3 6
1 32 25
3 47
2 5
3 5
3 6
3 16
2 8
3 23
3 50
3 49
2 44
2 29
2 46
2 47
2 35
3 6
2 45
2 43
2 22
3 48
1 20 19
3 24
2 34
3 13
3 33
1 31 18
1 38 29
2 21
2 19
3 36
2 33
3 23
3 26
3 7
1 13 46
2 26
3 1
1 48 12
1 23 44
2 28
1 32 46
2 32
3 5
3 21
2 48
3 32
2 46
3 49
3 27
3 44
2 5
3 48
3 38
2 36
2 35
2 24
3 47
3 25
3 29
3 17
2 31
2 48
2 38
1 16 6
3 32
2 11
3 2
3 44
1 7 14
2 34
1 25 8
1 34 44
3 11
3 28
2 36
2 42
2 40
1 2 38
1 47 49
3 35
1 33 45
2 37
3 29
2 22
3 44
1 47 45
2 50
1 18 25
1 37 25
3 34
1 26 37
1 32 27
1 19 11
3 39
2 8
2 37
1 2 42
1 2 38
2 48
1 22 30
2 18
2 8
2 20
3 43
1 47 7
1 9 3
2 49
3 3
3 10
6 15
2 21
2 22
2 16
3 5
3 43
2 45
2 30
2 35
3 7
2 19
3 1
1 10 15
3 48
2 16
2 20
1 36 34
3 2
3 32
2 18
2 38
3 18
3 50
3 20
1 50 7
1 46 50
2 17
1 30 47
3 49
2 17
2 34
3 21
6 50
1 6 9
3 27
2 40
3 5
1 13 15
3 38
2 9
3 7
2 33
3 15
1 7 23
3 30
2 40
2 35
2 14
3 36
2 5
1 1 41
1 49 1
3 30
3 31
3 50
3 6
3 21
2 47
1 17 47
2 23
3 16
2 29
3 32
2 47
1 8 37
1 41 29
1 41 14
2 29
3 33
6 6
2 14
3 20
1 2 39
3 6
2 22
3 1
3 35
3 47
2 38
3 26
3 31
2 29
1 15 25
2 14
3 24
2 48
3 21
3 35
6 46
3 15
3 10
3 44
1 48 23
2 7
3 35
2 49
1 34 50
1 17 16
3 26
1 48 21
1 41 12
3 33
3 23
3 27
3 18
2 11
1 43 7
2 11
6 1
3 47
3 36
3 30
1 4 9
2 36
3 38
3 9
3 48
2 7
3 11
2 37
1 25 20
3 29
1 2 34
2 14
3 15
1 12 15
2 50
3 14
2 5
3 13
2 41
1 44 31
2 28
2 3
1 37 25
2 30
3 15
3 4
2 6
2 36
1 8 41
2 9
2 19
3 46
3 27
1 46 20
2 34
2 30
1 22 31
2 1
1 43 46
2 45
1 8 43
3 21
3 32
3 27
3 35
1 33 40
3 19
1 35 33
3 38
1 19 42
2 13
3 18
2 33
2 50
2 11
3 10
3 7
3 36
2 6
3 36
2 34
1 12 49
1 33 41
3 37
1 10 12
3 18
3 11
3 13
1 19 32
3 48
3 45
1 44 46
1 21 49
2 10
3 8
2 23
2 34
1 20 33
3 36
