50 1000
2 49
3 45
2 42
7
2 31
2 10
2 44
2 45
4 33 43
7
1 19 13
7
3 18
3 1
2 34
2 8
4 48 27
2 8
2 34
3 4
3 29
7
1 42 15
2 21
3 25
2 11
3 6
1 26 38
3 1
7
3 8
1 33 6
1 15 13
1 44 38
1 1 2
4 29 16
2 4
4 50 7
4 47 18
3 10
4 20 13
2 40
1 33 38
3 8
3 50
7
7
3 32
1 15 21
3 17
2 26
7
2 37
1 21 33
4 35 45
3 28
2 32
2 7
1 6 5
4 48 30
4 18 24
3 10
1 17 14
3 37
1 31 50
3 25
3 40
2 21
1 38 15
2 20
2 43
3 37
3 46
2 31
3 22
4 18 1
4 23 35
3 45
2 33
3 14
3 42
3 27
3 7
2 30
4 2 3
2 37
3 23
7
4 48 48
2 43
3 1
3 15
3 14
4 10 19
3 7
4 5 37
3 6
1 27 16
4 27 23
3 41
3 33
3 46
3 37
1 36 48
2 16
1 11 14
2 40
4 1 7
2 32
3 22
3 3
3 23
7
4 14 36
3 31
2 13
2 28
2 34
3 27
3 23
3 44
4 45 39
3 10
7
3 6
3 29
2 23
1 9 41
3 32
1 13 31
2 46
1 40 45
3 24
3 3
4 36 40
7
3 39
2 40
1 47 35
2 37
3 43
4 21 34
4 23 16
3 25
2 26
2 11
2 19
4 7 43
2 39
2 36
4 49 42
2 36
2 14
4 40 1
1 45 32
2 7
2 12
2 43
3 42
4 40 34
2 9
4 41 5
1 20 29
3 4
7
4 31 32
4 16 44
3 28
7
2 21
3 24
2 14
4 10 43
1 36 23
7
1 1 49
7
4 17 20
2 24
3 21
1 2 46
3 10
3 24
2 35
4 2 35
1 39 29
1 10 27
1 41 28
2 8
2 37
7
4 50 17
7
2 29
4 27 23
3 17
7
3 18
1 20 27
7
3 8
6 23
3 36
2 12
2 20
3 33
3 11
2 50
3 36
2 50
2 50
7
2 17
1 36 21
3 4
2 39
3 38
1 15 42
1 16 14
1 10 33
1 50 1
4 9 21
3 7
2 14
2 47
2 35
4 26 45
3 10
1 24 28
1 35 46
3 11
2 29
4 47 3
3 18
3 10
3 42
3 33
3 33
4 16 22
3 28
4 50 47
1 24 35
1 25 20
2 49
3 46
2 15
1 12 44
4 1 25
1 44 41
3 34
4 13 6
4 11 33
4 16 23
3 49
3 29
1 41 13
2 47
3 21
3 14
7
2 12
2 22
2 41
2 10
1 13 30
3 9
7
2 27
4 27 28
7
3 39
4 6 38
3 38
1 24 12
2 28
3 15
3 9
3 33
3 47
7
2 14
3 5
7
3 15
2 21
3 27
1 34 23
3 16
4 41 8
6 11
4 13 21
4 43 30
3 27
2 7
1 43 1
4 48 37
3 1
4 8 26
2 32
1 32 10
2 10
4 42 28
1 49 18
2 25
3 2
3 35
2 3
4 22 50
2 21
2 44
4 18 10
1 46 24
7
1 25 44
2 33
3 22
3 47
2 30
6 29
3 37
2 32
4 11 20
3 42
1 7 29
3 42
2 50
4 36 10
2 13
3 42
3 21
2 25
3 41
4 24 22
2 19
2 27
3 6
3 47
3 3
4 22 26
4 10 1
2 44
1 9 8
1 50 32
3 7
3 33
3 17
3 33
4 1 41
4 25 10
2 20
7
4 2 24
2 16
3 40
1 30 22
3 26
3 23
4 1 44
2 49
3 29
3 13
3 37
2 14
4 18 32
2 43
4 49 29
1 21 44
2 27
4 50 9
3 20
4 49 3
3 36
2 15
4 42 33
4 1 37
3 50
3 28
2 4
2 2
2 12
2 31
3 49
2 10
6 28
2 47
3 48
1 12 19
3 13
2 47
2 13
2 3
1 3 20
4 41 3
3 8
1 17 20
7
4 37 21
3 7
1 9 49
2 49
2 45
3 37
4 50 9
2 45
4 31 25
2 25
4 23 28
4 37 7
2 7
4 22 41
1 19 9
4 17 43
2 23
3 34
2 44
4 6 6
3 38
1 19 33
7
2 2
3 39
1 44 19
3 30
1 45 36
4 21 44
3 41
2 21
1 41 45
1 42 35
2 45
3 8
3 47
1 21 10
2 30
1 14 2
4 49 31
2 10
2 42
2 46
1 9 44
3 42
4 19 24
2 13
4 11 3
3 50
7
4 20 12
2 1
3 27
3 33
3 29
4 23 40
3 47
3 4
1 4 16
1 22 26
4 15 20
2 24
2 14
2 2
1 38 18
2 22
2 4
3 33
4 45 10
2 33
3 11
2 30
2 39
4 2 36
1 39 20
7
1 25 36
1 42 18
1 40 25
6 3
4 46 3
2 13
3 21
3 17
4 1 39
3 26
3 25
2 10
7
3 29
1 32 30
2 18
7
2 1
2 7
4 18 16
2 45
3 49
4 41 16
2 36
2 26
4 36 41
4 8 21
2 36
3 20
2 33
3 38
2 5
1 1 16
1 49 27
7
3 7
1 43 24
2 9
4 29 32
2 46
2 44
3 28
2 48
2 12
3 14
1 42 43
2 17
2 39
2 43
3 15
3 50
4 21 46
3 36
1 48 9
7
3 13
1 16 13
2 26
3 3
2 19
4 48 14
4 3 48
3 44
7
3 47
2 45
3 5
4 11 41
2 49
4 18 22
3 31
1 39 30
3 44
1 49 24
4 49 48
4 42 42
1 9 36
2 32
1 14 21
4 11 9
4 48 20
2 2
2 19
2 37
2 42
3 30
1 26 20
4 41 36
2 14
3 28
4 29 23
2 37
7
3 20
3 36
4 39 12
1 24 5
4 28 36
4 17 36
2 7
3 46
4 41 21
4 29 37
2 10
2 45
2 29
3 23
2 24
1 44 35
7
2 46
1 11 40
2 41
2 24
1 16 7
4 37 48
2 48
2 7
2 1
3 38
3 39
3 18
1 33 20
7
3 10
1 34 28
2 50
2 40
2 34
3 18
1 49 25
4 45 14
3 5
7
1 34 23
2 8
3 15
3 35
3 44
1 48 8
3 19
1 18 16
3 8
2 15
1 46 47
2 11
1 10 5
3 50
4 10 32
3 12
1 32 39
2 33
1 11 29
1 6 49
2 38
3 26
7
3 31
3 21
7
2 21
2 13
3 50
3 28
1 33 4
2 37
2 7
3 45
3 31
1 23 11
7
1 41 19
1 15 2
3 26
2 28
1 26 29
1 49 5
1 21 20
2 11
3 1
6 34
1 26 47
3 34
3 19
7
1 29 48
4 34 48
2 21
3 42
1 39 8
1 25 18
2 41
2 42
2 38
4 8 44
2 17
3 28
3 19
4 38 17
2 30
1 38 23
3 3
3 20
2 28
3 28
1 18 21
3 35
4 5 2
2 31
3 43
2 27
4 30 24
4 25 20
2 3
7
3 15
3 2
1 40 44
3 31
4 34 22
2 46
4 29 3
4 32 7
1 2 16
2 19
4 31 34
3 30
4 5 45
3 32
2 30
3 29
3 20
7
2 35
2 3
1 26 44
2 10
3 9
3 10
1 10 6
3 50
2 36
2 4
3 42
1 12 20
2 20
7
1 19 10
2 2
1 36 34
3 34
1 49 15
4 12 50
3 37
1 50 22
1 48 16
3 5
3 32
4 50 8
3 22
1 41 8
3 48
2 29
2 13
1 17 40
4 41 26
3 7
6 34
3 9
4 34 28
3 23
7
2 27
7
3 17
7
3 31
2 31
2 41
3 34
3 2
1 24 1
2 3
3 8
4 15 21
1 1 24
4 6 1
4 39 31
2 6
2 37
4 5 49
2 26
2 6
2 41
1 24 26
7
2 26
2 13
1 36 41
4 15 1
4 7 40
7
1 48 18
2 33
1 6 39
4 16 38
3 33
1 15 33
3 46
2 40
2 30
2 16
1 1 21
2 8
7
3 1
2 27
3 33
7
2 28
2 14
3 20
2 35
2 46
2 42
4 23 7
7
2 20
3 28
7
6 17
3 38
2 3
2 32
2 8
3 34
4 48 2
3 49
2 44
3 21
1 46 42
4 40 42
1 25 11
2 3
2 40
3 34
2 38
3 2
2 34
2 14
4 43 30
2 44
1 31 50
2 46
2 19
4 34 11
4 8 19
2 6
3 16
1 8 15
4 32 25
4 35 27
1 18 20
3 24
2 35
2 12
7
2 5
4 18 41
2 14
4 29 12
3 24
3 21
3 41
4 33 17
3 14
2 12
1 48 44
2 11
2 2
2 32
6 20
7
3 34
7
3 17
1 42 29
7
2 16
2 36
2 37
2 31
4 4 26
2 50
3 43
2 39
2 18
3 14
7
7
2 35
2 28
1 34 4
4 11 6
2 10
2 26
4 11 41
3 17
3 13
3 9
2 14
1 8 39
3 5
2 29
4 2 26
3 34
1 22 46
4 33 11
6 10
3 22
3 42
3 5
3 18
3 25
2 24
7
2 36
2 24
2 32
2 18
3 33
1 19 4
3 44
4 21 23
2 5
3 41
7
2 18
3 26
1 35 27
7
2 9
6 32
2 24
1 14 44
1 14 27
6 50
1 19 17
3 7
3 49
7
1 43 18
1 46 33
2 36
1 5 2
2 16
7
2 46
1 35 17
1 12 43
3 11
2 44
2 31
1 4 16
3 3
3 50
2 38
1 12 44
1 34 36
1 43 18
3 3
1 15 40
2 23
3 7
7
4 23 50
2 25
3 12
3 39
3 35
2 37
2 2
3 36
2 12
3 17
3 15
3 2
7
3 16
3 46
4 7 42
2 45
3 37
2 26
2 26
1 31 26
3 11
4 19 23
3 18
3 13
2 35
2 26
3 38
3 38
2 45
4 16 20
3 14
3 6
1 17 19
4 19 26
2 6
3 7
4 38 20
3 47
2 22
1 39 19
3 47
7
1 35 42
2 2
2 24
2 12
1 46 27
7
3 17
4 42 32
4 24 35
4 42 13
