929 12933
2 186893010
1 10 46902734
2 46902734
1 10 46902733
3
1 9 46915648
1 10 45977288
1 10 45977287
3
2 46928600
1 9 45990179
1 9 45990179
1 4 45990179
3
2 46941533
3
3
2 46967399
1 10 45568413
2 46028852
3
2 46980332
1 10 41934704
1 10 38999271
1 10 38999270
2 38999270
3
3
1 10 38244402
3
1 10 38257230
3
2 46093235
3
1 10 38282886
3
1 9 38295711
1 10 38295711
3
1 10 38308518
1 9 37925415
1 10 37925414
1 9 37925413
1 9 37925412
3
1 10 37558719
3
2 47096730
1 10 34941402
3
1 9 32157772
1 10 32157772
2 42063294
2 47109662
3
3
1 1 29608544
3
2 38385502
1 10 29621265
2 47148461
1 9 29621265
3
2 47161395
2 37635273
2 47161193
1 10 29633975
2 39179016
3
1 10 29646675
2 47174328
2 47174327
2 47174328
3
1 10 29659369
3
3
2 45812924
1 9 29684778
2 29684774
2 37686309
2 47213127
3
2 29697525
1 9 27618582
1 9 27618583
2 46287008
3
3
3
2 32310532
3
3
1 9 27682018
3
1 10 27694695
2 47303657
1 10 27694695
3
1 9 25767789
2 46377343
2 38168004
1 9 47316591
1 9 47316592
1 10 47316593
2 47316593
1 10 45423840
3
2 47329526
1 9 45436755
1 9 45436763
3
2 47342459
2 45449672
2 45449686
1 10 44995104
1 10 44995104
2 45449686
2 44995104
3
3
3
3
1 10 45046680
2 45046756
2 47394192
2 45046756
2 45046670
3
3
1 9 45072451
2 45527224
2 47420057
2 45072443
3
2 45085322
1 9 45085359
1 10 41027623
2 47432990
3
3
1 10 37358503
2 45565983
2 37358494
1 9 33622650
2 33622650
3
3
3
2 41092038
2 47497655
3
3
3
3
2 47549388
2 45656454
3
1 10 33725515
2 45669377
1 9 33725514
1 9 32713735
1 10 32713735
1 10 32713736
2 32713736
1 9 32713736
2 33725554
1 10 31405152
1 10 31405152
1 10 29206743
1 8 28622566
3
2 29219543
1 10 27489888
2 28635356
2 27489888
3
3
2 31443612
2 27515434
3
3
1 10 27540980
3
2 47639918
3
1 9 26188175
3
3
3
3
2 41298166
3
3
2 33892538
2 32880513
3
3
3
3
1 9 26315785
1 10 26315785
1 10 25789386
2 47782182
3
3
2 25814848
1 9 25814867
1 10 25814866
2 25814868
3
2 47820980
1 9 24019575
2 24019567
1 9 24019575
1 10 23298915
3
2 27745528
3
1 10 24045006
2 45498711
1 9 24045005
1 9 24045006
1 9 22842750
3
1 10 22855440
3
2 22868120
3
1 10 22880812
3
2 25903983
2 22893488
2 46005375
2 22893480
3
2 41504294
2 34072681
2 24108531
3
3
1 9 22014240
3
3
3
3
2 45640754
3
1 9 22077610
2 29641943
3
1 10 21869298
1 10 22090290
2 22090290
3
2 29667543
2 27936912
3
1 10 22115632
2 22115632
1 10 22115631
3
3
3
2 45730575
1 10 22153606
1 10 22153620
3
3
2 24299106
1 9 22178926
2 23096531
3
3
1 10 22204221
3
1 10 22216866
3
2 31994872
2 26685893
1 9 22229500
1 10 20673435
1 9 20673436
3
3
3
3
2 20723896
2 20723904
1 10 20723937
3
3
1 10 20749100
3
2 33394203
3
1 10 20774315
2 24451566
2 22330691
1 10 22330565
3
1 9 22343190
3
3
2 48299501
2 23286732
2 23287110
1 10 22368432
2 48299501
2 48299502
3
2 22381052
3
1 3 22393661
2 48325368
3
3
1 10 20849484
2 46457601
3
3
1 10 19830870
3
3
2 48402965
3
2 19868638
2 48415899
1 10 18477798
2 24604466
2 48415899
1 9 18477798
3
1 9 17380882
3
3
1 9 17406010
3
2 26464147
1 9 17418571
2 17418571
2 23452158
2 17418570
2 34625575
1 10 17418570
3
3
2 48493497
1 10 17443665
1 10 17443600
1 10 17443600
2 34651690
3
1 10 16408734
3
3
3
2 16446258
3
2 48558162
1 7 16458767
2 22622598
2 33702339
2 23541030
3
3
3
2 18653932
2 30230743
3
3
3
3
1 10 16546324
1 10 14891670
1 9 14891670
2 34805587
2 48648693
1 9 13998104
3
2 23641912
1 2 13450080
3
3
3
1 9 13487486
1 9 13487485
2 13487477
2 48700424
3
3
2 13512382
3
2 13524838
3
3
3
2 48778022
1 9 15016501
3
1 10 16683814
1 10 16516962
2 26782422
3
2 23781737
1 10 16198812
2 48803888
3
1 9 16211292
3
1 10 15899226
2 48829755
3
2 48842687
3
1 9 15924159
3
3
1 9 15949075
3
3
3
2 21404368
2 34060781
2 48920285
1 3 15986427
2 48920286
2 32750202
3
1 10 15518836
3
3
2 16023777
3
3
2 23038076
1 10 15568608
1 9 15568608
1 9 15568608
2 16048819
3
1 9 15581030
3
2 23066265
3
1 9 15605863
1 10 14045220
2 16086102
2 16086102
1 10 14045220
3
2 17971211
1 10 14057617
1 10 14057617
3
2 49049616
1 10 14070000
1 9 14070001
1 9 14070000
2 17984338
2 49049615
1 10 14069999
2 49049615
1 10 13647803
3
2 13660141
2 49062548
1 10 13660100
2 49062549
3
1 9 13672445
3
2 49088414
3
1 9 12875274
2 38993374
2 18032839
2 49101347
1 10 12875274
2 25278361
1 9 12875274
1 10 12875273
1 9 12875273
2 23153918
3
1 10 12629750
3
3
3
3
1 5 12171648
1 10 12171647
1 10 10954440
2 16223446
3
1 9 10747268
2 24149312
1 9 10639728
1 10 12691144
1 10 12691144
1 10 12691144
2 27165414
3
3
2 12715632
3
3
2 12740140
1 9 12740153
2 46877347
3
3
1 10 12764641
3
1 10 12776800
1 9 12776799
3
2 12789208
3
1 9 12801245
3
1 10 12813460
1 10 11916462
2 23354826
1 10 11916461
1 9 11320580
2 13072634
2 49308276
2 11320580
1 10 10980885
2 12813460
3
3
3
1 10 11017399
3
3
3
3
2 13158334
2 11066047
3
1 9 10302726
3
3
2 49437605
2 13194995
2 12935600
1 9 10327034
3
3
2 34599599
2 16028007
1 10 10040761
3
3
1 1 10065043
3
3
3
1 10 10101463
3
2 49541069
3
1 10 10125729
3
2 49566935
1 10 9428154
1 9 9428155
1 9 9333819
2 25736910
3
3
2 49592802
3
1 10 9370141
3
1 9 9382243
2 11273085
2 13367553
3
1 10 8642756
3
2 49644534
2 8654839
2 25813236
3
2 49657467
1 10 8666937
3
3
2 49683333
3
2 17059864
3
3
3
2 8739422
2 8739421
2 13218238
3
2 49747998
3
1 1 8763610
1 9 8763600
3
3
2 8787745
1 10 7908930
1 9 7908930
2 7908930
1 9 7908930
3
3
1 10 8812043
1 5 8812042
1 10 8371400
2 8371393
2 28319105
3
3
3
1 9 8407600
3
3
1 10 8431725
3
1 9 7683767
3
1 9 7695800
1 10 7695800
3
2 36066620
2 13390420
1 10 7322410
1 2 7322409
1 9 8467984
2 19937194
1 9 8467900
3
1 10 8479957
2 12501773
3
3
2 9791815
1 10 8504059
3
1 9 8516110
1 9 8090295
3
3
3
3
3
3
3
2 15036980
3
1 9 8186559
1 9 8186560
1 10 8186561
1 10 7695310
1 10 7695310
2 12039436
3
2 15060641
3
3
3
3
3
1 9 7068243
2 12709071
2 50148920
1 10 7068200
2 13874409
3
3
3
2 24215898
2 7104152
3
1 9 7116140
1 10 7044939
2 13660316
3
2 13671305
3
2 50226518
3
2 8769301
2 7080837
1 10 6939184
1 10 6939184
3
3
2 50265318
2 19163159
3
3
1 10 6358079
2 36436442
3
2 6370015
1 10 6370017
1 9 6178900
1 9 5993533
3
3
2 7235980
2 10854143
2 13782996
1 10 6017357
1 10 6017358
2 19225339
1 4 5596089
3
3
2 28324845
3
3
2 28880545
2 28350327
3
1 10 5655500
1 10 5655500
1 9 5655500
2 12940757
2 7995885
3
2 9367768
3
1 10 5452032
3
3
3
3
2 5726828
2 50472246
2 28439514
2 5499472
1 1 5499400
2 6525309
1 10 5499400
1 6 5499400
1 9 5444406
3
1 9 5456247
1 9 5738764
2 40370785
3
1 10 5635588
2 5635588
2 19392402
2 13038309
3
3
2 24543916
2 5659340
2 5659334
2 5659340
3
3
3
1 9 5695013
2 5695013
2 5810128
1 9 5695014
2 35692384
3
3
2 50588643
3
1 10 5730665
2 50601576
3
1 10 5742544
1 9 5225675
1 10 4755296
3
3
2 4778995
3
2 36796186
2 15608502
1 10 6314957
3
3
1 9 6338746
3
1 10 6350635
1 9 6350634
1 4 6350634
2 25634331
1 10 6096576
2 50692106
1 9 6096575
2 24705764
2 50692106
2 6096569
1 9 5852640
1 9 5794074
1 9 5214600
3
2 17707376
3
2 5238233
3
2 50730906
3
2 5261875
1 9 5156564
1 10 5156565
3
3
2 31794486
2 8836343
3
1 10 5191995
2 19664484
3
1 9 5203795
3
2 9743050
3
2 9755141
2 8392064
2 5227377
2 5227377
3
1 9 5239177
2 5239177
2 14264054
2 26983568
1 9 5239177
3
1 10 5145882
3
3
1 10 6018483
1 9 5958216
1 10 6517125
2 20870088
2 6517125
3
2 8945206
3
1 9 6540906
3
3
2 6564662
2 49029357
3
3
2 50950766
2 18771147
1 10 6456632
3
2 24979962
2 27110778
2 13477293
1 9 6468508
3
2 28936167
1 9 6415497
1 10 6415497
2 50976632
2 6415497
3
3
3
3
1 10 6204288
1 10 6204289
2 15963222
1 9 5831948
2 37172838
1 10 6659883
1 9 6060418
2 13538263
1 10 6060418
2 9506544
2 51028365
2 40911451
3
3
3
2 12636685
3
1 10 5680254
1 10 5680254
1 9 5680253
1 10 5680254
3
2 5692089
1 9 5692094
1 10 5521240
2 26026692
2 51093030
3
1 9 5533060
1 9 5090360
1 10 6131705
2 14781308
3
2 6143576
1 10 6143577
2 51118895
3
2 6155438
3
3
3
1 10 5633810
1 9 5521124
3
1 10 4979610
2 48830265
1 10 4830212
3
1 9 4842035
3
3
3
1 10 6850140
1 10 6850140
1 9 6850140
2 6850140
2 18217903
