1000 58295
3
2 107211958
3
3
3
2 86444734
3
3
2 22712109
3
2 35210789
3
3
2 41822082
2 116807528
3
2 53376413
3
2 151189389
3
3
3
3
3
3
2 43654681
2 95578692
3
3
2 194876033
3
3
2 58053692
3
3
2 55524293
2 163313671
3
3
3
2 86518794
3
2 73886197
2 171348077
3
3
3
2 100442547
3
2 10782683
3
2 148541498
2 91795383
2 11852013
3
3
2 6688630
3
3
3
3
3
2 29829447
2 95969364
3
2 120867123
3
2 88051702
2 134572683
2 145418724
2 176136450
3
3
3
3
3
2 181095740
3
2 153402977
3
3
3
3
2 144279441
3
2 51483875
2 198746809
3
3
3
3
3
3
3
3
3
2 37307535
3
2 123190373
2 89971794
3
3
3
3
3
2 168300913
3
3
3
2 37085776
3
3
2 111092090
3
3
3
2 106164884
3
3
3
2 75815007
3
3
3
3
3
3
2 67514242
3
3
3
2 35258946
3
3
2 89435372
3
3
3
2 65313357
3
2 181007444
3
3
3
3
3
2 21562200
3
3
2 91145654
3
3
3
3
2 76356549
2 186839876
3
3
3
2 45878846
3
2 194671500
2 14973499
3
3
3
3
3
3
3
3
2 99075666
3
2 99139869
3
2 179297834
2 114027852
3
3
3
3
3
2 124223101
3
2 16437623
2 52387495
3
3
3
3
3
3
2 100043441
2 141067641
2 169107197
2 168455456
3
3
2 8481937
3
3
3
3
3
3
3
3
3
2 36054745
2 100209509
3
2 158876776
2 28212449
2 76403537
3
2 70179240
3
3
3
2 62460245
3
2 168994478
3
2 105602744
2 148223823
3
3
3
3
3
2 53581675
3
3
2 134633388
2 108627186
3
3
2 126194918
3
3
3
3
3
3
3
2 163445912
2 161381640
3
3
2 15409205
3
3
3
3
3
3
2 101765499
3
3
2 3419951
2 89737478
3
3
3
3
3
3
2 6804555
2 180590887
2 66141973
2 52020027
3
3
2 1272245
3
2 68208502
2 150865334
3
3
3
2 163049479
2 186459895
3
3
3
2 96484190
2 178542996
3
3
3
2 10943523
3
3
2 185780770
2 7358582
2 97289389
3
2 87793960
3
3
3
3
3
2 8058763
2 76369615
2 131786757
2 53629503
3
3
3
3
2 93719054
2 138278670
2 187664508
3
3
2 181469379
3
2 159393944
3
3
3
3
3
3
3
2 30544644
3
3
3
3
2 52815139
2 95049609
3
3
3
3
2 7670406
3
3
3
3
3
2 139542861
2 86943332
3
3
2 93997845
3
3
3
2 199289015
3
2 150804942
2 75518369
2 134540317
3
3
2 7360074
2 64943413
3
3
2 173167347
3
3
2 143575568
2 168204749
3
3
3
3
3
2 145520238
2 72267461
2 176470617
3
3
3
2 73412675
2 103128601
3
3
3
2 183760342
3
3
3
2 101366637
3
3
2 31893020
3
3
2 155866714
2 31662089
3
2 199007599
3
2 174089347
3
2 163554233
2 84181182
3
3
3
2 70587266
3
2 179253343
3
3
3
2 130914371
2 71559371
2 112955054
3
2 106422588
3
3
3
3
2 98125011
2 75231199
3
3
2 17828362
3
2 108528729
3
2 194707349
3
3
3
3
2 26982755
2 171104878
3
3
3
3
3
3
3
2 35123558
2 12961590
2 3779240
3
3
3
3
2 73433768
3
3
3
3
2 45993240
3
2 181192420
3
2 46589290
3
3
3
3
3
3
3
3
3
3
2 187769550
2 6468993
3
3
2 136632151
2 122797685
3
2 2753627
2 198466613
3
2 167686685
2 189059730
3
3
3
3
3
3
3
2 185734668
2 40501731
2 78403361
3
3
3
3
3
3
3
3
3
3
3
3
3
3
2 25440022
3
3
3
3
3
2 119105322
3
2 91802470
3
3
2 66222751
3
3
2 120065054
3
3
2 148654167
3
2 138318084
2 196422382
2 152719990
2 127408141
3
3
2 74160118
3
2 42106563
2 137102542
2 66700197
2 180840234
2 51029659
3
3
3
3
3
3
3
3
3
3
3
3
2 166927909
2 21596205
3
3
2 96730460
3
2 20226186
3
2 37030317
2 68000274
3
3
3
3
3
3
3
2 53984983
3
3
2 167346439
2 179080149
2 36319185
2 106145708
3
3
2 90554765
2 123365810
2 47175448
2 60109495
3
3
3
2 8936326
3
3
3
3
2 108239110
2 13226020
2 95956438
3
2 72075636
3
3
3
3
3
3
2 77207549
2 47591265
3
2 186136278
3
3
3
3
2 19204281
3
2 169560948
2 198174483
2 165852039
2 28669263
3
2 193765743
3
3
3
3
3
3
2 178343404
3
3
2 5956964
2 70426742
2 155314410
3
3
2 143768856
3
3
2 76275668
3
2 151101269
2 42944099
2 34391457
3
3
2 88589691
2 167295130
2 154904537
2 145602234
3
3
3
3
3
3
2 165468731
2 33730305
2 49253127
3
3
2 189065595
2 40512830
2 143705741
3
2 109335993
3
3
2 148769428
3
3
3
3
3
3
3
3
3
2 168508897
3
2 127507124
3
3
3
3
3
2 31797752
2 147460437
3
3
2 171682679
3
3
2 61937130
3
3
2 87104746
2 17003003
3
3
3
3
2 138256243
2 101527512
3
3
3
3
3
2 83952349
2 33386732
3
2 66968497
3
2 139436368
2 127476367
3
3
3
2 65224234
3
3
2 16535714
2 156997283
3
2 34456812
3
3
3
2 132265379
2 156927400
3
3
2 170262199
3
3
3
3
2 173454316
2 3382676
2 20126178
3
3
2 140361096
2 15851024
3
3
3
2 16001098
3
3
2 122186532
3
3
3
2 75171203
3
3
2 33592192
3
2 126820945
3
2 120048678
3
3
2 146365172
3
3
3
3
3
3
3
2 90809364
3
3
2 162061436
3
2 13452933
2 184799950
2 28234563
3
3
3
3
2 9433649
2 26160031
2 110247299
2 66663821
2 128912678
2 128931009
3
3
2 26935306
3
3
3
3
3
2 58970700
2 89668687
2 39303335
3
3
3
2 153171466
3
3
2 85834714
2 86605319
3
3
3
2 7854748
2 47627933
3
3
3
3
2 7148172
2 34160579
3
2 165003086
3
3
3
2 195191327
2 117386312
3
2 131961214
3
2 48839143
2 130959912
3
3
3
3
3
2 65440707
2 111292121
3
2 185625701
3
3
2 87661934
3
2 157249881
3
3
2 99629862
2 148352510
3
2 115295206
3
3
2 186322585
3
2 137030523
3
3
2 14108174
3
2 58261154
2 34984405
3
2 19743957
3
3
3
3
3
2 82919755
3
3
3
2 119999790
3
3
3
2 42973309
3
2 189402975
2 179461775
2 120188512
2 114062620
3
3
2 76415085
2 191934415
2 53466912
3
3
3
2 117201161
2 71932975
2 58848127
3
3
2 39357829
2 178944665
3
2 100424861
2 192287991
3
3
3
3
3
3
3
2 173599494
3
3
3
2 19675734
3
3
3
3
3
2 13240488
2 40344584
3
3
2 56749239
3
3
3
2 122812057
3
3
3
3
2 58015985
3
3
3
3
3
2 88425929
3
2 197287609
3
3
3
3
2 23495665
3
3
3
3
3
3
2 114086151
3
3
3
2 24123426
3
3
3
3
3
2 86872407
2 173734378
3
3
3
2 187528907
3
3
2 50099933
3
3
3
3
3
3
3
2 199054615
3
2 184717859
3
2 26838576
3
2 1292693
2 198047358
3
2 135074727
3
3
3
3
3
3
3
3
3
2 143974605
2 104132408
2 103144899
3
2 171371714
3
3
3
1 5 1
1 5 100000000
