1000 58295
2 186893010
1 9 73909476
3
1 9 71933457
1 9 69069845
2 69069845
1 9 67672302
3
2 67672302
1 9 64663851
1 9 61939002
3
3
3
3
1 9 61936361
3
2 61936361
1 9 59452581
3
3
1 9 58896209
1 9 57687942
2 57687942
1 9 55252257
3
2 55252257
1 9 52678607
3
1 9 50893241
1 9 50305294
2 50305294
1 9 50095921
2 50095921
1 9 49571400
3
3
3
1 9 47791079
2 47791079
1 9 46832937
1 9 45685914
1 9 45308442
1 9 44882762
2 44882762
1 9 44507553
3
3
2 44507553
1 9 42848329
3
3
3
2 42848329
1 9 42461819
2 42461819
1 9 41409690
1 9 39787888
3
2 39787888
1 9 37933521
3
3
2 37933521
1 9 37335861
3
2 37335861
1 9 37220590
3
2 37220590
1 9 36128625
2 36128625
1 9 35947522
1 9 35947522
1 9 35947522
1 9 35947522
1 9 35947522
1 9 35947522
1 9 35947522
1 9 35947522
1 9 35947522
1 9 35947522
1 9 35947522
1 9 35947522
1 9 35947522
1 9 35947522
1 9 35947522
1 9 35947522
1 9 35947522
1 9 35947522
1 9 35947522
1 9 35947522
1 9 35947522
1 9 35947522
1 9 35947522
1 9 35947522
1 9 35947522
1 9 35947522
1 9 35947522
1 9 35947522
1 9 35947522
1 9 35947522
1 9 35947522
1 9 35947522
1 9 35947522
1 9 35947522
1 9 35947522
1 9 35947522
1 9 35947522
1 9 35947522
1 9 35947522
1 9 35947522
1 9 35947522
1 9 35947522
1 9 35947522
1 9 35947522
1 9 35947522
1 9 35947522
1 9 35947522
1 9 35947522
1 9 35947522
1 9 35947522
1 9 35947522
1 9 35947522
1 9 35947522
1 9 35947522
1 9 35947522
1 9 35947522
1 9 35947522
1 9 35947522
1 9 35947522
1 9 35947522
1 9 35947522
1 9 35947522
1 9 35947522
1 9 35947522
1 9 35947522
1 9 35947522
1 9 35947522
1 9 35947522
1 9 35947522
1 9 35947522
1 9 35947522
1 9 35947522
1 9 35947522
1 9 35947522
1 9 35947522
1 9 35947522
1 9 35947522
1 9 35947522
1 9 35947522
1 9 35947522
1 9 35947522
1 9 35947522
1 9 35947522
1 9 35947522
1 9 35947522
1 9 35947522
1 9 35947522
1 9 35947522
1 9 35947522
1 9 35947522
1 9 35947522
1 9 35947522
1 9 35947522
1 9 35947522
1 9 35947522
1 9 35947522
1 9 35947522
1 9 35947522
1 9 35947522
1 9 35947522
1 9 35947522
1 9 35947522
1 9 35947522
1 9 35947522
1 9 35947522
1 9 35947522
1 9 35947522
1 9 35947522
1 9 35947522
1 9 35947522
1 9 35947522
1 9 35947522
1 9 35947522
1 9 35947522
1 9 35947522
1 9 35947522
1 9 35947522
1 9 35947522
1 9 35947522
1 9 35947522
1 9 35947522
1 9 35947522
1 9 35947522
1 9 35947522
1 9 35947522
1 9 35947522
1 9 35947522
1 9 35947522
1 9 35947522
1 9 35947522
1 9 35947522
1 9 35947522
1 9 35947522
1 9 35947522
1 9 35947522
1 9 35947522
1 9 35947522
1 9 35947522
1 9 35947522
1 9 35947522
1 9 35947522
1 9 35947522
1 9 35947522
1 9 35947522
1 9 35947522
1 9 35947522
1 9 35947522
1 9 35947522
1 9 35947522
1 9 35947522
1 9 35947522
1 9 35947522
1 9 35947522
1 9 35947522
1 9 35947522
1 9 35947522
1 9 35947522
1 9 35947522
1 9 35947522
1 9 35947522
1 9 35947522
1 9 35947522
1 9 35947522
1 9 35947522
1 9 35947522
1 9 35947522
1 9 35947522
1 9 35947522
1 9 35947522
1 9 35947522
1 9 35947522
1 9 35947522
1 9 35947522
1 9 35947522
1 9 35947522
1 9 35947522
1 9 35947522
1 9 35947522
1 9 35947522
1 9 35947522
1 9 35947522
1 9 35947522
1 9 35947522
1 9 35947522
1 9 35947522
1 9 35947522
1 9 35947522
1 9 35947522
1 9 35947522
1 9 35947522
1 9 35947522
1 9 35947522
1 9 35947522
1 9 35947522
1 9 35947522
1 9 35947522
1 9 35947522
1 9 35947522
1 9 35947522
1 9 35947522
1 9 35947522
1 9 35947522
1 9 35947522
1 9 35947522
1 9 35947522
1 9 35947522
1 9 35947522
1 9 35947522
1 9 35947522
1 9 35947522
1 9 35947522
1 9 35947522
1 9 35947522
1 9 35947522
1 9 35947522
1 9 35947522
1 9 35947522
1 9 35947522
1 9 35947522
1 9 35947522
1 9 35947522
1 9 35947522
1 9 35947522
1 9 35947522
1 9 35947522
1 9 35947522
1 9 35947522
1 9 35947522
1 9 35947522
1 9 35947522
1 9 35947522
1 9 35947522
1 9 35947522
1 9 35947522
1 9 35947522
1 9 35947522
1 9 35947522
1 9 35947522
1 9 35947522
1 9 35947522
1 9 35947522
1 9 35947522
1 9 35947522
1 9 35947522
1 9 35947522
1 9 35947522
1 9 35947522
1 9 35947522
1 9 35947522
1 9 35947522
1 9 35947522
1 9 35947522
1 9 35947522
1 9 35947522
1 9 35947522
1 9 35947522
1 9 35947522
1 9 35947522
1 9 35947522
1 9 35947522
1 9 35947522
1 9 35947522
1 9 35947522
2 35947522
1 9 75308557
1 9 35947522
1 9 35947522
1 9 35947522
1 9 35947522
1 9 35947522
1 9 35947522
1 9 35947522
1 9 35947522
1 9 35947522
1 9 35947522
1 9 35947522
1 9 35947522
1 9 35947522
1 9 35947522
1 9 35947522
1 9 35947522
1 9 35947522
1 9 35947522
1 9 35947522
1 9 35947522
1 9 35947522
1 9 35947522
1 9 35947522
1 9 35947522
1 9 35947522
1 9 35947522
1 9 35947522
1 9 35947522
1 9 35947522
1 9 35947522
1 9 35947522
1 9 35947522
1 9 35947522
1 9 35947522
1 9 35947522
1 9 35947522
1 9 35947522
1 9 35947522
1 9 35947522
1 9 35947522
1 9 35947522
1 9 35947522
1 9 35947522
1 9 35947522
1 9 35947522
1 9 35947522
1 9 35947522
1 9 35947522
1 9 35947522
1 9 35947522
1 9 35947522
1 9 35947522
1 9 35947522
1 9 35947522
1 9 35947522
1 9 35947522
1 9 35947522
1 9 35947522
1 9 35947522
1 9 35947522
1 9 35947522
1 9 35947522
1 9 35947522
1 9 35947522
1 9 35947522
1 9 35947522
1 9 35947522
1 9 35947522
1 9 35947522
1 9 35947522
1 9 35947522
1 9 35947522
1 9 35947522
1 9 35947522
1 9 35947522
1 9 35947522
1 9 35947522
1 9 35947522
1 9 35947522
1 9 35947522
1 9 35947522
1 9 35947522
1 9 35947522
1 9 35947522
1 9 35947522
1 9 35947522
1 9 35947522
1 9 35947522
1 9 35947522
1 9 35947522
1 9 35947522
1 9 35947522
1 9 35947522
1 9 35947522
1 9 35947522
1 9 35947522
1 9 35947522
1 9 35947522
1 9 35947522
1 9 35947522
1 9 35947522
1 9 35947522
1 9 35947522
1 9 35947522
1 9 35947522
1 9 35947522
1 9 35947522
1 9 35947522
1 9 35947522
1 9 35947522
1 9 35947522
1 9 35947522
1 9 35947522
1 9 35947522
1 9 35947522
1 9 35947522
1 9 35947522
1 9 35947522
1 9 35947522
1 9 35947522
1 9 35947522
1 9 35947522
1 9 35947522
1 9 35947522
1 9 35947522
1 9 35947522
1 9 35947522
1 9 35947522
1 9 35947522
1 9 35947522
1 9 35947522
1 9 35947522
1 9 35947522
1 9 35947522
1 9 35947522
1 9 35947522
1 9 35947522
1 9 35947522
1 9 35947522
1 9 35947522
1 9 35947522
1 9 35947522
1 9 35947522
1 9 35947522
1 9 35947522
1 9 35947522
1 9 35947522
1 9 35947522
1 9 35947522
1 9 35947522
1 9 35947522
1 9 35947522
1 9 35947522
1 9 35947522
1 9 35947522
1 9 35947522
1 9 35947522
1 9 35947522
1 9 35947522
1 9 35947522
1 9 35947522
1 9 35947522
1 9 35947522
1 9 35947522
1 9 35947522
1 9 35947522
1 9 35947522
1 9 35947522
1 9 35947522
1 9 35947522
1 9 35947522
1 9 35947522
1 9 35947522
1 9 35947522
1 9 35947522
1 9 35947522
1 9 35947522
1 9 35947522
1 9 35947522
1 9 35947522
1 9 35947522
1 9 35947522
1 9 35947522
1 9 35947522
1 9 35947522
1 9 35947522
1 9 35947522
1 9 35947522
2 35947522
1 9 75308558
3
3
3
2 35947522
1 9 35133614
1 9 34250890
3
1 9 32855343
3
2 32855343
1 9 32422414
3
1 9 31070483
3
2 31070483
1 9 31054649
1 9 30862975
3
1 9 29994001
1 9 29934912
1 9 29251426
1 9 29153227
1 9 28839991
1 9 28839991
1 9 28839991
1 9 28839991
1 9 28839991
1 9 28839991
1 9 28839991
1 9 28839991
1 9 28839991
1 9 28839991
1 9 28839991
1 9 28839991
1 9 28839991
1 9 28839991
1 9 28839991
1 9 28839991
1 9 28839991
1 9 28839991
1 9 28839991
1 9 28839991
1 9 28839991
1 9 28839991
1 9 28839991
1 9 28839991
1 9 28839991
1 9 28839991
1 9 28839991
1 9 28839991
1 9 28839991
1 9 28839991
1 9 28839991
1 9 28839991
1 9 28839991
1 9 28839991
1 9 28839991
1 9 28839991
1 9 28839991
1 9 28839991
1 9 28839991
1 9 28839991
1 9 28839991
1 9 28839991
1 9 28839991
1 9 28839991
1 9 28839991
1 9 28839991
1 9 28839991
1 9 28839991
1 9 28839991
1 9 28839991
1 9 28839991
1 9 28839991
1 9 28839991
1 9 28839991
1 9 28839991
1 9 28839991
1 9 28839991
1 9 28839991
1 9 28839991
1 9 28839991
1 9 28839991
1 9 28839991
1 9 28839991
1 9 28839991
1 9 28839991
1 9 28839991
1 9 28839991
1 9 28839991
1 9 28839991
1 9 28839991
1 9 28839991
1 9 28839991
1 9 28839991
1 9 28839991
1 9 28839991
1 9 28839991
1 9 28839991
1 9 28839991
1 9 28839991
1 9 28839991
1 9 28839991
1 9 28839991
1 9 28839991
1 9 28839991
1 9 28839991
1 9 28839991
1 9 28839991
1 9 28839991
1 9 28839991
1 9 28839991
1 9 28839991
1 9 28839991
1 9 28839991
1 9 28839991
1 9 28839991
1 9 28839991
1 9 28839991
1 9 28839991
1 9 28839991
1 9 28839991
1 9 28839991
1 9 28839991
1 9 28839991
1 9 28839991
1 9 28839991
1 9 28839991
1 9 28839991
1 9 28839991
1 9 28839991
1 9 28839991
1 9 28839991
1 9 28839991
1 9 28839991
1 9 28839991
1 9 28839991
1 9 28839991
1 9 28839991
1 9 28839991
1 9 28839991
1 9 28839991
1 9 28839991
1 9 28839991
1 9 28839991
1 9 28839991
1 9 28839991
1 9 28839991
1 9 28839991
1 9 28839991
1 9 28839991
1 9 28839991
1 9 28839991
1 9 28839991
1 9 28839991
1 9 28839991
1 9 28839991
2 28839991
1 9 75774919
3
1 9 27799071
1 9 26632404
3
3
2 26632404
1 9 25681237
3
3
1 9 24770520
3
3
1 9 23765039
1 9 23179447
3
1 9 23147277
2 23147277
1 9 22338497
1 9 21882382
3
1 9 21448783
1 9 21448783
1 9 21448783
1 9 21448783
1 9 21448783
1 9 21448783
1 9 21448783
1 9 21448783
1 9 21448783
1 9 21448783
1 9 21448783
1 9 21448783
1 9 21448783
1 9 21448783
1 9 21448783
1 9 21448783
1 9 21448783
1 9 21448783
1 9 21448783
1 9 21448783
1 9 21448783
1 9 21448783
1 9 21448783
1 9 21448783
1 9 21448783
1 9 21448783
1 9 21448783
1 9 21448783
1 9 21448783
1 9 21448783
1 9 21448783
1 9 21448783
1 9 21448783
1 9 21448783
1 9 21448783
1 9 21448783
1 9 21448783
1 9 21448783
1 9 21448783
1 9 21448783
1 9 21448783
1 9 21448783
1 9 21448783
1 9 21448783
1 9 21448783
1 9 21448783
1 9 21448783
1 9 21448783
1 9 21448783
1 9 21448783
1 9 21448783
1 9 21448783
1 9 21448783
1 9 21448783
1 9 21448783
1 9 21448783
1 9 21448783
1 9 21448783
1 9 21448783
1 9 21448783
1 9 21448783
1 9 21448783
1 9 21448783
1 9 21448783
1 9 21448783
1 9 21448783
1 9 21448783
1 9 21448783
1 9 21448783
1 9 21448783
1 9 21448783
1 9 21448783
1 9 21448783
1 9 21448783
1 9 21448783
1 9 21448783
1 9 21448783
1 9 21448783
1 9 21448783
1 9 21448783
1 9 21448783
1 9 21448783
1 9 21448783
1 9 21448783
2 21448783
1 9 76299575
1 9 21040626
1 9 21013007
2 21013007
1 9 20300430
2 20300430
1 9 20115228
2 20115228
1 9 19171064
2 19171064
1 9 18218035
1 9 17711027
3
1 9 16961275
3
1 9 16343759
3
3
2 16343759
1 9 15882283
3
1 9 15481766
2 15481766
1 9 14959033
1 9 14933739
3
3
2 14933739
1 9 14472990
3
2 14472990
1 9 13778241
1 9 13293562
3
2 13293562
1 9 12654929
3
2 12654929
1 9 12407967
3
2 12407967
1 9 11888090
2 11888090
1 9 11570465
1 9 11560534
3
2 11560534
1 9 11425927
1 9 10980005
1 9 10790787
1 9 10553596
2 10553596
1 9 10114054
1 9 9760711
1 9 9359962
2 9359962
1 9 9320651
2 9320651
1 9 9167308
3
2 9167308
1 9 8986036
3
2 8986036
1 9 8768447
1 9 8357767
2 8357767
1 9 8090100
1 9 7760681
1 9 7708997
3
1 9 7610316
2 7610316
1 9 7451954
1 9 7270227
2 7270227
1 9 6980401
1 9 6798808
1 9 6615966
2 6615966
1 9 6316343
1 9 6266102
3
3
2 6266102
1 9 6086443
1 9 5970794
1 9 5970794
1 9 5970794
1 9 5970794
1 9 5970794
1 9 5970794
1 9 5970794
1 9 5970794
1 9 5970794
1 9 5970794
1 9 5970794
1 9 5970794
1 9 5970794
1 9 5970794
1 9 5970794
1 9 5970794
1 9 5970794
1 9 5970794
1 9 5970794
1 9 5970794
1 9 5970794
1 9 5970794
1 9 5970794
1 9 5970794
1 9 5970794
1 9 5970794
1 9 5970794
1 9 5970794
1 9 5970794
1 9 5970794
1 9 5970794
1 9 5970794
1 9 5970794
1 9 5970794
1 9 5970794
1 9 5970794
2 5970794
1 9 77290591
3
3
3
1 9 5935099
2 5935099
1 9 5668694
3
2 5668694
1 9 5527431
2 5527431
1 9 5523042
3
3
2 5523042
1 9 5368579
3
2 5368579
1 9 5290872
2 5290872
1 9 5217956
3
3
1 9 5132629
3
1 9 4876478
1 9 4760385
2 4760385
1 9 4638230
1 9 4596792
2 4596792
1 9 4585010
2 4585010
1 9 4557470
2 4557470
1 9 4441039
2 4441039
1 9 4423462
1 9 4249912
2 4249912
1 9 4043457
2 4043457
1 9 3924902
2 3924902
1 9 3813976
3
3
2 3813976
1 9 3746854
3
3
1 9 3571059
1 9 3411974
1 9 3359403
3
3
1 9 3291656
2 3291656
1 9 3218829
2 3218829
1 9 3191418
1 9 3106911
2 3106911
1 9 2986957
2 2986957
1 9 2943935
3
1 9 2925917
1 9 2887180
3
3
1 9 2847751
3
3
3
1 9 2741257
2 2741257
1 9 2713372
1 9 2705160
3
2 2705160
1 9 2621876
2 2621876
1 9 78631377
2 2621876
1 9 2572199
