478 57884
1 10 24798873
1 10 24798873
2 24798873
3
3
3
2 24972458
1 9 24472952
2 24472952
2 24972495
2 24972525
2 24972495
2 24972525
2 24972526
3
1 8 24530813
1 9 22323028
3
2 24588680
2 24588673
1 9 20590336
2 20590334
1 10 20590336
3
2 20648161
3
2 22496584
3
1 9 20763811
2 25261945
2 25261946
2 25261945
1 10 19517972
2 22554436
2 25261865
2 20763865
2 24762272
2 19517972
2 19517963
3
1 9 17813887
3
2 25377713
2 19633602
2 17871684
2 25377714
3
2 24935864
2 25435487
2 19691417
2 25435597
2 17929474
2 17929481
1 10 17929481
3
3
2 25551365
2 25551365
1 9 16781850
3
3
2 19922677
1 9 16897411
1 10 16897423
1 10 18160632
1 9 17978994
3
3
1 10 18094543
1 9 25782902
3
2 25840769
2 25840786
2 25840786
2 25840787
2 25840786
2 25840786
3
1 10 25898669
1 10 25121642
2 25898670
2 25121638
3
1 9 25179507
2 25179506
1 9 25179508
2 25179515
2 25179515
3
2 25237388
1 9 23723062
1 10 23485770
2 23485770
1 10 23485769
3
2 26072322
2 26072322
2 26072322
2 25295238
3
2 25353134
3
2 26188091
2 25411007
1 10 23659260
3
1 10 23717086
3
1 10 23774904
2 23774904
2 26303859
1 9 23774905
3
3
3
3
1 10 24006168
3
3
3
1 10 24179606
3
3
2 26824814
1 9 22108632
3
1 10 21723072
1 9 21723073
2 24353058
1 9 21723074
2 26882698
1 10 21723073
1 9 21723074
2 21723074
1 10 21723075
1 10 21723074
3
1 10 21780848
1 9 21780849
2 21780849
3
2 26998446
1 10 21838621
1 10 21838620
1 9 21838620
3
2 27056350
1 9 21896370
2 27056329
1 9 20363559
2 21896371
1 9 20363559
2 27056350
3
1 9 19195928
3
1 10 19253648
1 9 19253648
2 19253648
3
3
3
3
2 27403654
2 22243121
1 9 19484480
3
2 22300904
1 9 17587890
2 24931411
2 17587890
2 17587890
2 27461510
3
3
1 9 15932880
2 15932880
2 19657601
3
3
3
3
3
1 5 16221309
1 10 14599170
2 27089324
2 27089324
1 10 14599170
2 25574454
2 22705556
1 9 14599169
2 22704856
1 9 13723154
3
3
1 10 13838457
2 25452227
3
2 23322474
2 20119480
3
2 28098263
2 22936517
3
2 28156147
2 14011373
3
1 9 14945172
3
3
3
2 20465537
2 20465747
2 16740474
2 28387682
3
2 21749103
3
1 9 15233502
1 10 15233502
1 9 14319490
3
3
1 9 14434765
1 10 14434766
2 28619218
1 9 14434766
1 10 14434765
1 9 12991230
2 12991230
2 14434782
2 26087402
1 10 11692080
2 11692080
2 11692070
2 23455593
1 9 14434765
1 9 14434765
1 10 13424271
2 13424270
3
1 9 12942528
2 28677102
2 28677102
3
2 24016098
1 9 12480096
1 10 12480096
1 10 12480095
1 9 12480095
3
2 14607562
1 9 12537665
3
1 9 12091392
2 26318650
1 9 12091392
1 2 12091393
2 12091387
2 15579492
1 9 11003083
1 9 11003083
3
1 9 12652797
1 1 12652797
1 9 12652798
2 28908639
2 28908639
2 12652793
2 13712221
2 15637094
2 20985218
1 10 12020065
2 12020062
3
2 28966468
1 9 12077618
1 10 12077617
1 9 12077600
2 13769811
1 10 12077600
1 10 11715272
3
3
2 29082291
3
1 10 11887787
3
1 9 11945282
2 24033083
1 10 11945282
2 15925580
2 29198058
1 10 11945282
2 11945282
1 9 11825748
2 29198059
2 11825748
1 9 11470929
3
2 12365407
2 26724641
1 9 11528382
1 10 11297734
3
1 10 11355100
2 11355096
1 9 11355100
2 11355100
3
1 10 11412517
2 12117803
3
1 9 11469924
2 11470063
1 9 11125803
3
1 9 11183199
3
3
1 10 11297974
1 10 10733005
1 10 10625670
2 27070936
3
2 24497139
2 12405323
3
3
3
2 29834783
2 29834782
2 10855100
1 9 10855100
3
1 9 10475904
1 10 10475905
1 10 9428310
3
2 24786104
1 10 9485642
1 10 9485642
2 11642296
1 10 9485641
2 29950551
2 13055661
2 27418685
3
3
1 9 9600245
2 12807557
1 9 9600244
2 12807407
3
3
3
1 10 9772120
2 27707011
3
1 10 9239636
2 9239630
3
2 9296902
3
3
1 10 9411400
3
1 10 9468667
2 29750843
3
3
2 25477563
1 9 9583181
3
3
1 10 9697600
3
1 9 9754842
2 30818810
1 9 9754842
3
3
3
1 9 9926822
2 28457694
3
3
1 9 9740061
2 9740054
2 16913560
3
3
1 1 8967595
2 17944030
2 21338260
2 8967587
1 10 8967594
2 12339561
3
2 18001422
3
3
3
3
1 9 8883552
1 10 8883552
1 9 8172820
3
3
3
1 9 8344400
3
2 8401595
1 10 8401600
3
1 9 8458700
2 31802838
1 9 8458700
3
2 8515866
1 10 8515880
1 9 7664220
2 14590972
3
3
3
3
2 32092259
2 7892864
3
2 32150143
1 10 8802072
3
1 10 8859200
2 29673061
3
1 10 8916389
3
1 10 9684730
3
1 10 10999781
3
3
1 10 10669632
2 32497446
1 10 10669632
2 10669632
2 15586564
3
3
1 10 10784095
3
3
1 10 10898539
2 10898557
1 9 10898538
2 14975745
3
2 12294861
2 10955760
3
1 10 11012957
1 10 11012957
2 18639492
2 11012956
1 10 11012958
1 9 11012958
2 26136659
1 9 11012959
1 9 11013115
2 11013112
3
2 15990541
2 16625208
1 10 11070363
3
2 32181173
2 18757541
