905 91617
2 94973117
3
2 173674098
1 5 49398167
3
1 4 44540730
2 44540725
1 5 40532037
1 5 40126680
2 40126680
1 5 40126680
1 4 40126679
1 5 36113940
2 36113940
1 5 36113940
3
1 4 36205520
2 49581402
1 4 33309060
2 49581401
3
1 5 30394546
3
3
2 30577671
3
3
3
2 36755028
3
1 5 29706144
1 5 27329612
3
3
1 5 27512726
3
3
1 4 27695836
2 50589188
3
2 37304597
2 27787394
1 4 27787388
2 27787390
1 5 27787388
3
1 5 27878934
3
1 4 27970475
3
2 41592328
1 1 28062015
1 5 28062015
3
1 4 25619685
2 28153555
2 51047273
1 4 25107208
2 25619685
2 28153661
3
1 5 23182804
3
1 4 22343328
1 5 22343300
3
2 28428344
3
1 4 22526332
2 38037204
2 22526368
3
3
3
1 4 51688593
3
3
3
1 4 47806328
3
2 52055062
1 5 47897938
3
3
3
1 5 48172754
2 52329912
1 4 48172755
1 4 48172756
3
1 5 48264360
1 4 47781657
1 4 47781657
1 4 47781657
3
1 4 47873247
2 52513146
2 52513147
3
3
3
1 4 48148005
3
1 5 46792315
2 48239590
2 48722458
3
1 4 46883896
3
3
1 5 47067058
3
2 47158639
2 47158634
2 48606039
3
1 5 47250210
3
2 53429316
3
3
1 5 47524923
1 4 42772410
3
1 4 42435261
1 4 41162144
3
2 41253698
3
2 41345245
1 5 41345255
1 4 41345258
2 53887401
3
3
3
1 4 41619921
2 54162252
2 49522019
1 4 37457910
1 5 37457911
2 41619929
2 48074385
3
3
3
3
3
1 5 37915642
1 4 37915643
2 49979794
1 5 37915643
1 5 35640664
3
2 43871190
2 54711954
1 4 35732197
3
2 50162875
2 54803572
1 5 35823726
1 4 35823730
1 4 32599567
3
3
3
1 5 32545359
3
1 5 32636882
2 36189886
3
3
3
3
2 38831063
2 50895684
3
2 36647518
1 5 31439680
3
2 43176398
1 4 55719742
1 5 55719741
2 55719742
3
2 55811345
2 55811350
1 4 55811353
1 5 55811353
1 4 55811352
3
3
3
3
3
3
3
2 56452545
2 56452543
3
3
3
1 5 53890935
2 56727423
3
3
1 4 54074128
2 56910764
2 54074126
2 56910710
3
3
1 5 50459289
1 4 50459290
1 4 50459290
3
3
1 4 48110280
3
1 4 43863638
2 57368849
2 57368849
1 5 43863638
2 54532121
1 4 42986328
1 4 39547396
2 54532121
1 4 39547397
2 39547397
1 5 39151827
2 48201864
3
1 4 38850867
1 5 38850867
2 57460351
3
1 4 36995280
3
1 4 37086829
1 4 37086830
2 57643614
3
1 5 37178378
3
3
1 4 37361465
3
2 39792768
3
2 58101784
1 5 37544545
2 44596278
1 5 36042720
3
3
2 44779438
1 4 36225781
3
3
3
3
3
3
1 4 36774943
1 5 33097410
1 4 33097411
1 5 33097400
2 44451464
3
3
1 4 31949184
3
2 59109571
2 59109571
3
3
3
1 4 32315232
1 5 32315233
2 32315233
3
2 41257776
3
3
1 4 30634318
3
3
3
2 59934124
3
3
3
2 51040968
3
3
1 5 31366375
3
3
2 53939634
2 31549381
3
1 5 31640884
2 34927760
3
3
1 4 31187324
2 38788740
2 31187318
3
1 4 31278817
2 60941912
2 60941911
2 60941912
1 5 30653224
2 40382594
3
2 38971681
3
2 30836189
2 61125145
1 5 29602656
1 4 29602657
3
2 46832310
2 29694130
2 61216762
1 5 28506336
2 61216763
1 5 28506337
1 4 28506337
1 5 28506337
2 28506332
3
2 39246145
3
2 28689271
1 4 28689295
1 4 28689200
2 61399074
1 4 26680956
2 42787861
2 58562433
1 2 26680957
1 5 24546428
3
3
1 5 24729357
3
2 58837227
3
2 32102254
3
3
2 61949698
3
3
1 4 25278122
2 25278121
2 62132932
2 33105008
1 5 24519757
1 4 24519756
3
2 40161405
2 62224549
2 24611204
3
3
2 62407057
3
3
2 24976996
1 5 25735450
3
2 25826906
2 25826906
2 33017264
2 25826908
3
3
1 5 26009825
3
2 37215710
1 4 26101279
1 4 23752092
1 4 23752092
2 26101279
3
3
3
3
1 5 21947198
1 5 21947197
1 4 21947197
2 21947197
3
3
2 22130053
3
1 5 22221481
2 41534295
3
2 24483684
1 4 21866642
2 21866632
2 24483684
1 3 21866643
2 28967707
3
2 49396298
3
1 5 22049488
3
2 63965272
3
2 50548686
1 3 20676039
1 5 20676039
1 4 20676039
2 61218616
2 35026458
1 1 20676040
3
1 4 20767456
1 5 20767456
1 5 19936704
1 4 19936704
2 19936704
3
1 5 19627538
2 64240124
2 29516527
2 42175498
3
3
3
3
1 5 19993131
1 5 18193721
3
3
1 5 18376499
1 4 18376499
3
1 4 18467879
3
3
1 4 18650632
3
1 5 17055220
3
3
1 4 17237956
3
1 4 17329320
1 4 17329300
2 19016153
3
3
2 17512005
2 65614379
2 65614379
1 5 19198883
3
2 65705341
1 4 18132788
1 5 18132788
3
3
3
3
3
1 4 18589598
1 3 18589598
2 21546897
2 18589598
3
2 24873149
2 66255697
1 5 18680956
3
3
2 66438932
1 5 18863670
1 5 18863670
1 4 18863671
1 5 18863671
3
2 29668636
3
3
3
3
1 4 18547584
3
2 25157836
2 30125435
2 19411968
1 4 18638929
1 5 18638929
2 64149688
1 5 18452511
2 66988633
3
3
2 30308117
1 5 18635179
2 18635177
3
2 19685884
2 49436633
1 5 18351970
2 46698445
1 5 18351970
1 5 18351969
1 4 18351968
2 18351968
3
2 60717594
2 19777241
3
1 4 18909170
3
2 21117989
3
3
1 4 17648452
2 26335885
1 4 16765980
3
1 4 16857299
3
3
1 5 17039934
3
3
1 5 17222560
1 5 17222560
3
1 5 17140662
3
3
1 4 17496524
1 4 17496523
3
1 4 17587836
3
2 20096541
2 55127486
1 5 17679147
2 68637739
3
3
2 59649864
3
1 5 17953078
3
3
3
3
2 36556403
2 69278465
1 4 18318301
1 5 18318302
2 48712303
3
2 21013873
1 4 18409603
1 4 18409600
2 18409600
1 5 18409601
2 55860618
2 22945258
2 69370675
2 18409600
3
3
1 5 17290653
2 17290647
2 17290644
2 21196561
2 48987941
1 4 17290654
2 69553909
3
2 36922315
2 56134822
1 5 17381945
1 4 16686624
1 5 15685404
3
1 4 15776684
3
3
3
2 70011994
2 25385613
1 5 16050514
2 37288227
2 70011995
1 4 16050514
3
3
1 4 16233050
3
2 16324314
3
3
2 70470080
2 70470080
1 4 16506842
3
2 24134266
3
3
2 16780618
3
3
2 16963274
3
2 20053429
2 20053003
1 4 16031136
1 4 16031137
2 16031137
2 16031137
3
1 4 15638631
3
2 71203015
3
1 5 15821140
3
2 20418317
3
1 4 16003647
2 22927830
1 5 16003646
3
3
2 16186136
2 71661100
3
3
2 71844335
2 69004276
1 5 16368634
3
1 4 16459800
1 4 16459800
2 54106550
2 32714094
3
3
1 4 16642268
1 5 16642267
1 4 16642267
3
1 5 15729396
1 4 16733605
1 3 16064256
1 4 16064256
2 21240238
2 19938093
1 4 16064256
1 5 16064256
3
3
3
2 22397404
3
3
2 72668887
2 52100539
3
1 5 15947040
2 25168278
2 72760505
2 72760505
1 5 15947041
2 72760504
3
3
2 16129477
2 40215777
3
2 70195379
3
3
1 4 17737280
2 31374532
2 22245061
1 4 17737281
3
3
1 5 17919766
1 5 17023715
1 4 17023715
3
2 73493440
2 32096038
1 5 17114945
1 5 18011102
2 29260218
1 4 17110545
1 5 16254975
3
3
3
1 5 16528690
1 5 16528689
1 4 16528688
2 73768292
1 4 16528688
2 67128306
2 73766325
3
3
3
1 5 15290093
2 15290093
2 20066438
2 74043142
1 5 15290093
3
1 5 15381307
3
2 37350617
2 15472516
3
2 15563724
2 20340065
3
2 45366946
1 4 15654938
2 39669697
1 4 15654938
3
2 24406576
2 15746141
2 74501227
3
1 5 15362181
1 4 17349694
2 23614298
1 4 17349695
1 4 17349695
1 4 17349696
1 5 17349695
3
2 17440910
1 5 16394446
3
2 19288755
1 4 16485660
1 5 16485659
1 4 16485658
3
2 16576856
3
3
2 75050930
3
2 75142546
1 4 16850471
3
3
2 27725300
2 53251112
3
3
2 75509014
2 24527548
3
3
2 75692249
3
2 75783865
3
2 17580065
3
3
2 76058717
3
2 76150334
3
3
3
2 50668856
1 5 18127271
3
3
1 5 18309661
1 5 18309660
3
1 4 17112744
2 30256289
2 76700036
1 5 17112744
2 49611001
1 5 17112744
2 29095655
3
2 76791652
2 17203915
3
2 17295082
1 5 17295085
3
3
1 5 17477417
2 17477464
3
3
1 5 18947998
2 29643797
2 50160271
2 77249738
1 5 17811026
2 77249737
3
2 26353884
2 77341354
2 48294248
1 4 17902210
3
2 21935158
3
2 47212733
3
1 5 18175752
2 22117329
1 5 19312871
3
1 5 19404066
3
2 47487200
2 38566182
3
2 19586442
1 4 19586449
3
1 4 19677638
2 77982673
1 5 19677637
1 5 19677636
1 5 19677672
3
2 20816170
3
1 4 19860064
1 5 19860064
3
3
3
1 4 20133625
2 49392272
2 31991971
2 52682252
2 30831438
2 78440759
3
2 24539468
2 78532375
1 4 19213560
1 5 18252825
3
2 78623993
3
1 4 18435181
2 60091395
3
2 18526354
2 34561824
2 78807227
3
2 30513649
2 21638018
3
2 76148764
1 5 17773265
1 5 16884540
3
3
3
2 79265311
1 5 17158038
2 49578221
1 4 17158038
1 4 16471680
3
3
1 4 16653992
2 42564837
2 31062260
3
2 79540163
1 5 16745144
3
3
3
2 22549178
2 79815014
2 29703484
2 22549178
