4797 28892425
2 672441433424
2 488403663614
1 1000 233606408939
1 999 233606408938
3
2 233635301305
3
2 233664192031
2 233664193491
2 233664192811
2 233664193790
3
1 1000 233693082768
2 233693086215
1 1000 233693082768
1 1000 233693082767
1 999 222008428565
3
1 999 222037316473
2 233721978639
3
2 233750865803
2 233750870719
3
2 233779757446
3
3
3
3
3
1 999 222239528757
1 1000 222239528700
1 1000 222239528699
3
1 999 222268413469
2 222268413468
3
3
2 222326198490
3
2 234039765012
2 234039795314
1 1000 222355065965
1 999 220131515241
3
3
2 222412841273
3
1 999 220218163148
1 999 220218163147
3
2 234155365015
3
1 1000 220275924423
1 1000 220275924424
1 1000 198248331960
3
3
2 198306089238
1 999 198306090201
1 999 198306090632
1 1000 198306090632
1 999 188390786070
3
1 999 171461892784
1 1000 162888798065
3
2 162917672400
3
3
3
2 222701678899
1 1000 163004295421
3
1 999 156511841952
3
2 163062043519
1 999 156540714590
2 156540714587
3
3
1 1000 156598457868
1 1000 144070581176
3
2 171721777153
3
1 1000 129715488360
3
1 1000 156685070116
2 234588751390
1 1000 156685070116
2 156685079256
1 999 150417667296
3
1 1000 147437604300
1 1000 147437604300
3
3
2 198739263137
3
1 999 147524203508
1 999 147524203507
1 999 147524203507
2 147524203501
3
2 156829440430
3
3
2 147610793724
1 999 147610794271
1 1000 147610794272
3
2 234819890790
2 223135003101
1 510 147639661744
2 223135049225
1 999 147639667188
2 234819878651
2 147639667187
2 220911354783
1 1000 147639667188
1 1000 147639667189
2 223135043905
3
1 999 147668532110
2 234848737418
1 1000 135855049532
1 923 135855049533
2 234848783214
2 156944900116
2 135855049533
1 1000 135855049533
2 220940181797
2 234848783214
1 999 126345196035
3
1 999 121319094720
3
2 234906432402
2 157002646606
1 999 121347955609
2 121347955604
1 999 114067078264
2 157002686454
3
2 234935460490
1 999 114095937568
2 234935460490
1 999 110673059375
1 999 104032675742
2 172126033240
3
1 999 100939686040
1 1000 100939686039
2 234964312541
3
1 1000 100968540449
2 223308265226
2 234993062432
1 999 94910427976
1 999 91114010784
1 999 90202870593
3
1 999 90231721000
1 999 90231721000
3
2 90260569414
3
2 90289417830
1 1000 89386523622
1 999 89386523621
3
3
1 999 82288679088
2 235137707464
1 999 82288679087
2 235137707464
2 147957198173
1 999 74882697890
3
3
3
3
3
3
3
3
2 75113445232
1 999 89674989242
1 999 89674989243
2 89674989242
2 151197105564
1 1000 235368846865
3
3
1 1000 221301031918
3
3
2 235484415049
3
1 1000 235513306471
3
1 1000 228475931381
2 235542201416
1 1000 228475931381
3
3
1 999 228533709249
1 999 219392360832
3
3
2 235657771115
1 999 219450134911
2 235657771116
2 235657771115
2 228591494629
2 235657771115
2 219450134911
1 999 204088625457
2 219450136190
3
2 228620380136
3
2 235715555966
3
3
1 944 204204165625
2 204204165621
2 204204165621
2 204204165625
2 204204165625
3
2 228735948419
1 1000 204233052508
1 999 194021399875
1 999 174619259820
2 219594565791
2 235802233240
3
2 174648142232
2 219623463160
3
2 235860012922
2 174677024646
3
1 999 169464729790
1 1000 157602198621
1 1000 154450154628
1 999 142094142232
1 999 142094142233
2 142094142229
3
1 1000 142123020648
3
2 174763676025
2 142151898063
1 1000 130779746160
3
2 235975587790
3
2 236004455205
2 236004480215
1 647 130837500869
1 314 130837500869
2 157717723637
3
1 999 128249049656
3
1 999 124429587250
1 1000 124429587249
3
3
2 154681192260
2 169695783190
3
1 1000 124516207437
3
2 157891009561
3
1 565 124573953747
2 169782432076
3
2 124602826337
1 1000 122110769774
2 122110769774
3
2 124631714574
1 1000 122139641985
1 1000 122139641986
2 157977646473
3
2 122168513197
1 999 122168513680
2 236293389617
3
3
3
2 169955721478
1 1000 117364920672
3
3
1 1000 122312872535
1 1000 114974100150
3
3
1 999 115031840981
1 1000 115031840981
3
3
1 999 115089579104
3
2 124949316477
3
2 115147324146
1 999 115147316571
3
1 999 115176184306
3
1 1000 115205051630
1 1000 115205051631
3
2 115233920829
3
2 115262784276
2 142931644978
2 236726790840
3
3
1 999 104941670379
1 999 95496919973
2 236784575691
3
3
2 195061218259
1 1000 87910276712
2 125209174881
3
3
3
3
3
3
1 1000 81917614638
3
1 1000 78668617824
2 81946477555
2 78668617822
1 1000 78668617825
1 999 78668617824
3
3
2 78726338480
1 999 78726339901
2 122976915172
3
2 105288059259
3
3
1 1000 70931628000
1 999 63838465200
1 999 78812923133
1 999 74084147714
1 999 74084147714
2 78812923519
3
2 115753519786
3
1 999 74141864699
2 125613426825
1 999 73400445954
3
3
3
3
1 999 72780713181
3
2 143595799923
3
2 125786611977
1 1000 72838425114
2 82321697716
1 999 72838425114
3
3
1 1000 69980287680
3
2 116042188106
1 1000 67908866382
2 72924989043
1 1000 63834334322
1 1000 63834334322
3
2 63863184290
1 1000 63863184897
3
1 1000 63892035416
1 999 63892035417
3
1 1000 63920885878
1 999 63920885877
1 1000 63920885877
1 999 62003259226
1 1000 62003259225
2 129808361810
3
1 999 62032104690
1 999 62032104689
2 237622456016
3
1 1000 62060948917
3
3
2 206139527978
1 1000 62118646983
2 74603622206
1 999 64036282768
2 237709133291
3
1 1000 64065130992
1 1000 64065130992
3
2 195985533091
1 1000 64093982480
1 1000 64093982481
1 999 64093982480
2 74661323794
2 237766918141
1 999 64093982479
3
3
1 1000 64151677094
1 999 64151677093
3
3
1 1000 64209368122
1 1000 64209372703
1 999 64209372702
3
2 230844986165
2 123785298584
3
1 1000 64267064417
1 1000 64267064417
1 999 64267064418
1 1000 59125699248
1 999 58534442208
2 59125699248
1 1000 56193064512
1 999 56193064511
2 144144442498
3
2 56221905372
3
2 64324793202
1 999 56250747923
1 1000 50625673110
1 999 49106902907
1 999 46160488726
2 79621022537
3
1 1000 45727433136
3
2 89122574246
3
2 74978739072
3
1 999 45355803768
2 74266166724
2 96824694333
1 999 45355803767
2 238113627241
3
1 999 40846174560
3
3
2 64526750930
3
3
3
2 40990343120
3
3
2 41048010544
1 999 41048010500
3
2 45615327750
2 144577754035
3
2 59587209472
3
1 1000 41134510621
2 156991607300
3
3
3
3
2 75440549102
1 1000 37537354491
1 1000 34534366048
2 64872928981
1 999 31080929400
1 1000 29216073636
1 281 29216073636
1 999 29216073636
1 1000 27755269920
1 1000 25812401007
3
1 1000 25841226440
1 999 23515516024
2 231509252765
2 89642088932
2 238575906041
1 999 23515516024
2 64901662998
2 238575906041
2 23515516023
3
2 23544338459
1 999 23073451632
2 238604798465
3
3
1 1000 23131096474
1 999 23131096474
3
2 130905595932
3
1 999 23188737945
3
1 1000 23688461723
1 999 23688461722
3
3
3
1 1000 23774929964
2 222627642981
1 1000 22586183405
3
2 117399131945
3
1 1000 20605880659
1 1000 19987704182
3
2 238922615140
3
2 238951385689
2 238951507566
2 238951507566
1 999 20045342247
3
1 999 20074160697
3
3
3
2 29734987806
2 20160617619
3
2 117630082841
3
1 999 20218247952
3
1 1000 20247064400
3
2 239182646966
2 35168645496
2 31715178620
1 999 18451050618
1 999 18451050618
3
3
3
2 117803166407
2 18537490977
3
3
1 1000 18595120619
1 1000 18595120618
3
1 999 18623932675
2 18623932667
2 117889702626
1 1000 20448775811
3
2 239384893940
1 999 20477590829
3
1 999 20506405138
2 239413786365
1 999 20506405137
1 1000 20506421753
1 221 18660843747
3
1 999 17568280306
1 999 17568280307
1 999 16338500679
1 999 16338500678
1 1000 16338500677
1 999 16338500676
2 239442678791
3
1 999 16367311840
2 118005447479
1 1000 16367311840
3
3
2 60120845543
3
1 1000 16453740421
3
1 999 15658421455
3
1 999 15687229474
3
1 999 15716037491
1 999 15716037490
1 999 15716037490
3
3
2 15773653528
1 1000 15142701600
3
3
3
1 303 15229113660
3
3
1 999 15286721375
1 999 15286721376
3
3
1 1000 14730553920
2 146108177058
1 999 15975306171
2 16799530007
2 118438281453
1 999 15975306170
3
2 16828266224
1 999 16004112720
3
2 239962742440
3
3
3
3
1 1000 16148140475
3
3
1 999 16205750938
2 76286139554
1 1000 16205750938
1 999 14909290828
3
1 999 14938093062
1 999 14938093062
3
3
2 14995693524
1 808 16292171290
1 1000 16292171290
3
1 1000 16320975339
1 999 15341716782
2 240251666690
3
1 999 14601992860
3
1 1000 14045562144
2 14045562141
3
3
1 1000 13962130578
2 81987661689
3
2 48092057214
1 1000 13990929629
1 69 13990929629
1 999 13011564528
2 99105010348
1 1000 13011564529
1 999 12360986275
1 32 12360986275
2 12360986275
3
3
2 12418578177
2 240453913666
1 1000 11549277633
3
2 17375632805
1 999 11578072657
2 128847107427
1 999 10883388244
3
2 10912181270
2 240511698516
1 1000 10912181295
1 1000 9930084892
1 1000 9532881408
1 999 9246894958
3
2 14134919879
1 1000 9275684372
3
1 999 9304473783
2 14304762783
2 66892495167
3
2 240598375790
2 9333262189
1 999 9333262804
2 240598375790
2 58846534952
1 999 9053264916
1 999 9053264916
1 1000 9053264917
2 240598375790
2 66921431768
2 9053264917
3
2 108780858088
2 61808179995
2 9082051933
2 21716729915
1 1000 9082052293
2 17519704040
1 1000 9082052292
2 91691377789
1 1000 8991231678
2 19871128137
3
1 999 8208214560
3
1 999 8236998575
3
1 999 7852492425
2 233647140425
1 999 7852492426
2 240713945491
3
2 76156829119
2 58990626203
2 9477207549
2 240742757191
3
2 16839481357
1 999 7910057410
1 999 7910057411
2 7910057401
1 999 7830956826
2 240771730341
2 14365304279
2 7910058108
2 14365324432
3
2 7859737321
3
3
1 999 7917298839
2 49015447756
3
2 240887142583
2 33416121168
3
3
1 999 8003640300
1 999 8003640300
1 999 8003640301
1 1000 7683494688
1 999 7683494687
3
1 999 7558026658
1 999 7406866068
1 1000 7406866069
3
2 76416514182
1 1000 8140318887
3
2 76445430261
1 999 7678954470
2 241031762166
2 31695278884
3
2 241060654591
1 1000 7168193643
3
3
3
3
3
2 48441177550
1 999 6580882620
1 999 6580882619
2 28464386291
3
1 999 6080887384
1 1000 6080887384
1 1000 5898460681
1 999 5898460681
3
2 9715369505
1 999 5927234333
1 999 5927234332
3
1 1000 5836885782
1 1000 5836885781
3
1 1000 5806998846
1 999 5806998846
1 1000 5806998846
3
2 10081781724
1 999 5835766338
2 5835767482
3
2 136208629751
2 241378471265
3
3
3
3
3
2 241522933391
1 999 6008367385
2 62702456804
3
1 1000 6037134134
1 999 5795648736
3
2 241580718241
2 5824413486
2 5824413478
3
3
3
2 241667395515
3
1 1000 5939472400
3
2 5968236150
3
1 999 5397299910
2 17818930618
1 1000 5397299910
1 1000 5397299909
3
1 999 5426060600
3
3
1 1000 5483580193
2 60086806062
3
2 241869642491
2 160428303036
3
3
2 241927427340
2 241927427341
3
3
2 210414652668
2 63163971108
2 210414425602
3
3
1 999 5684896595
3
1 1000 5713655527
2 5713675870
2 5713655517
2 6554956810
1 999 5713655526
1 1000 5199426505
2 78961349303
2 6732861812
2 5199426505
3
2 9234057193
3
3
3
3
3
1 999 5318242479
2 242245244016
1 999 5318242479
3
1 999 5346996414
3
1 999 5214476821
3
1 1000 5243229224
3
3
1 1000 5300732215
3
2 5329482703
2 120949992600
2 242418598565
2 68738357355
3
2 5358233201
2 210876777412
2 242447490991
2 242447490990
2 23532509078
2 120979177462
3
1 999 5279244026
1 999 5279244026
3
1 999 4830273175
3
3
1 999 4887768173
3
3
2 242620845540
3
3
1 1000 5749576718
1 484 5749576717
2 148880656473
2 6917511894
1 1000 5749576716
1 1000 5749576716
2 211107816780
2 121209506645
1 999 6317610914
3
2 6346369592
1 999 5902123635
3
1 1000 5930881318
2 29992083032
3
2 181579951719
2 242765307666
3
1 1000 5629090924
1 1000 5629090924
1 1000 5403927264
3
1 1000 4943739619
3
3
1 1000 5001245164
3
3
3
2 242967554640
2 5087500480
2 5087500477
1 999 5087500483
1 1000 6605209196
2 6605209194
3
2 242996447065
1 999 6633967915
3
1 1000 7504221043
3
1 999 7457656536
1 999 7457656537
2 243054231916
2 7457656532
2 30309259659
1 999 7308503370
3
1 999 7337266781
2 7337266775
3
3
2 181955443014
2 88036457642
1 999 7394793292
1 999 7394793292
1 654 6729261812
3
2 6758022407
2 243169801616
1 999 6758022416
2 28098404284
2 6758022416
2 24252910845
1 999 6149800384
1 1000 5780812282
1 1000 5780812200
2 10298999412
2 243169801615
1 1000 5318347224
3
3
2 51380167812
1 1000 5107065480
1 999 5107065480
1 999 4698500168
3
2 4727252776
1 999 4301799957
2 243256478891
3
1 999 4027412895
2 4027412895
1 999 4027412894
2 4027412890
3
1 999 4056162523
2 149515948087
2 243314263741
3
3
3
1 999 4059560232
1 999 4059560231
1 1000 5548395177
3
1 1000 5577150172
1 999 5577150173
3
2 177031825318
3
3
3
3
3
3
1 361 5778434165
2 8108346778
2 5778442129
1 999 5778434166
3
1 999 5807188170
1 130 5691044338
1 999 5292671199
2 18740459572
1 1000 4975110834
2 4975110834
3
3
3
2 7998798610
1 1000 4656454328
1 999 4656454328
2 46439798077
2 19806529800
3
1 1000 4685203200
2 34433800637
2 4685203193
2 4685203200
3
2 243805434966
2 4713951067
2 243805434965
2 132167641477
2 162363127764
1 999 4242555900
2 62047764401
3
2 138663109604
1 1000 3929598484
3
3
3
3
2 20008005841
1 1000 4044581900
1 1000 3801906986
1 999 3801906986
2 51180606279
3
3
3
2 70354120869
1 1000 3888135623
1 999 3810372888
1 1000 3810372888
2 150237979625
3
1 1000 3839113243
1 999 3685548672
2 18374983596
1 999 3685548672
1 1000 3648693114
2 122595614087
1 999 244065466791
1 999 222099574697
3
2 244094358758
1 1000 222128465695
2 222128465695
2 244094358362
3
1 955 222157355909
3
3
2 244181036492
1 999 222215135378
2 244181036492
1 1000 222215135377
3
2 244209928916
1 999 213354262176
1 999 200553006374
3
2 213383149462
1 1000 188546978574
3
1 1000 188575863486
2 200610778318
3
1 1000 188604747398
1 999 184832652354
2 188604749138
2 222330691330
3
1 1000 184861535145
2 222359583558
3
2 244354391042
3
2 188691401534
2 222417369655
3
3
1 1000 184977063186
1 1000 184977063185
3
1 999 185005944010
1 1000 175755646800
1 1000 172240533864
3
2 200841872574
2 244498849941
3
1 1000 172298289621
3
3
3
1 999 172384922505
2 188922479190
2 244614422867
2 185150362005
2 200957412124
1 999 172384923102
1 999 158594129252
3
1 1000 153864314850
1 999 153864314850
1 999 153864314849
1 999 149248385356
3
2 244672207716
3
2 244701100141
1 1000 149306129020
3
3
1 999 134427483540
3
1 999 134456353373
3
2 213960897450
3
2 172615948657
2 154066435881
3
3
2 154124190741
3
1 999 126524655650
1 1000 126524655650
3
1 1000 126553522548
2 126553522548
1 999 115163705475
3
2 185525819305
2 223024023262
3
2 223052935344
2 115221435272
2 149623730287
1 999 109460363440
3
2 109489227337
3
1 999 107327729376
1 999 107327729376
2 107327729376
3
2 134773911636
1 1000 107356591629
3
1 1000 107385453620
2 107385453620
3
1 1000 107414314611
3
1 1000 107443177708
1 999 102071018815
2 102071018807
2 245192271367
1 999 91863916920
2 245192271367
1 228 91863916920
3
3
3
3
3
2 185872404907
1 1000 102215321460
1 1000 107587485614
3
2 154586192825
1 1000 107616346196
1 1000 106540182639
3
1 1000 106569041311
2 135062619110
2 106569041310
3
3
1 1000 97030348506
1 1000 89267920620
2 245452270839
3
1 999 89296776292
3
3
2 186074551864
2 223572967379
2 109979915584
3
2 107818370990
1 1000 83126506479
3
3
3
1 999 83213067400
1 1000 83213067399
3
2 127275182498
1 999 78247403860
3
1 505 78276255118
1 999 78276255119
3
3
2 186305558455
3
3
1 1000 75255989856
2 116029675125
1 1000 75255989800
1 1000 75255989799
1 999 75255989798
3
1 1000 75284836656
2 186392199850
1 1000 72273443136
3
1 1000 72302287900
2 245885689567
2 108135907236
3
1 999 70161197749
1 999 68757973746
2 190222348594
3
1 1000 68786816400
2 83501590739
1 999 68786816401
1 999 68786816401
1 999 68786816400
2 245943474417
3
1 1000 68815656583
2 173742183521
3
3
2 107203936258
3
2 89873895612
3
2 108337898685
2 186623225858
3
2 186652257337
1 1000 68959854657
3
2 186681041182
3
2 190482308012
2 75602156246
2 69017546985
2 75602149344
3
3
1 999 62167688190
3
1 1000 62196526570
3
3
1 1000 62254202775
1 1000 62254202776
2 127910271554
2 224353033733
3
2 190655509470
3
2 246376860791
3
3
1 1000 62369552693
3
2 155683491447
1 999 62398390031
1 999 62398390031
3
3
3
2 75977232106
2 174319679623
2 190857776174
3
2 224613118406
2 108828556638
2 69421313627
1 1000 62513733196
1 1000 62513733197
1 1000 62513733197
3
3
3
3
3
1 999 62657902157
3
3
3
3
2 246839139592
1 1000 62773233784
1 999 62773233783
2 62773284958
2 187374179130
3
2 246868032017
2 62802064691
1 999 59033940724
3
3
3
3
3
2 90826150128
3
1 999 56838643296
3
3
3
3
3
2 247185848691
2 70027021928
1 1000 56982792711
2 225219778513
2 174955060600
2 247185848692
1 999 56982792710
2 70026975488
1 999 56982792710
2 247185848692
1 999 54133653065
3
1 999 54162479283
1 1000 49829480864
2 151818017653
3
1 999 49858305519
1 999 44872474950
2 71487974231
3
2 44901297607
2 63205865600
3
3
3
2 76784887158
2 161337353527
2 44987765575
3
1 999 45016589821
2 128978373430
1 999 43666092106
1 355 43666092106
2 161366257220
3
3
2 247445880516
3
1 1000 39377298510
1 999 39377298510
2 76900232704
1 999 36620887605
2 36620887597
2 247474725269
1 999 36620887605
1 1000 36620887605
1 999 36620887606
3
1 999 36649705631
1 1000 36649705631
3
3
1 1000 35606117472
3
1 1000 32427788484
3
2 188153972305
2 175388222567
3
2 247648127491
1 1000 39550211717
2 91460897017
3
3
1 999 39607848206
1 1000 35647063380
1 999 34934122034
1 999 34934122034
2 188240572218
3
3
2 129353698188
3
2 44069585322
2 188327363702
2 35020564770
2 39694303507
3
2 110069665641
3
1 999 35078193883
2 110098655136
1 1000 35078193883
2 91662994516
2 175619308068
3
2 35107006246
3
3
2 35164630993
1 535 34461338282
1 999 32049044526
2 32049044526
2 192244304910
2 32049044523
3
1 1000 28870069770
2 179250042826
2 110213987076
3
2 247994836592
1 1000 28898879607
1 999 35222262163
1 1000 35222262162
3
2 70863302476
2 35251073819
1 999 35251074543
3
3
2 55027281664
2 118281218571
3
2 248110406292
1 999 35337511521
3
1 1000 32537016976
2 64070703349
2 77563911400
1 999 29283315210
1 999 29283315211
2 248139298717
3
1 1000 29312124885
3
3
2 29369742233
2 29369742233
2 35452761203
1 999 27313860246
3
1 999 26795814542
3
2 248283760842
2 248283760841
1 999 26824621713
3
1 1000 26853428805
3
3
3
2 248399330542
3
1 999 24811160852
3
1 1000 24839966120
3
2 58280095146
2 74898376174
3
1 999 24150647362
1 1000 24150647363
1 999 24150647363
1 999 24150647364
1 719 22460101989
1 999 22460101989
2 248514900242
1 1000 22460101900
2 130104130092
3
1 1000 21814235328
3
2 248572685092
1 1000 21843034879
3
3
3
1 847 21271547585
3
2 21300345282
3
1 709 21329143697
2 157935658125
3
1 999 21357941452
2 21357941452
3
2 226808738197
1 1000 21386738734
2 176543436026
1 999 21386738733
1 999 20959003926
1 999 19491873627
1 1000 19491873626
3
3
1 999 19353963519
3
3
2 130479296916
3
1 1000 19440339078
2 19440339071
2 19440339077
2 248919394192
2 19440339078
3
2 86502168495
2 248948286616
2 153550285384
1 1000 19469130092
1 1000 19469130091
2 19469130091
1 999 19469130000
3
3
3
1 1000 17795499540
2 64964456663
1 1000 19751013948
2 111281780483
2 40933461394
2 71872744443
2 249034963892
3
3
1 999 19808599113
3
2 75532941470
2 71959190205
2 19837390687
3
1 999 21761111356
3
2 65109136957
3
1 1000 21818705046
2 249208318441
2 21818705043
1 999 21818705046
1 999 19636834500
1 999 19636834499
1 1000 19636834498
2 61369220215
3
3
1 1000 19694419977
2 177034261613
1 1000 19694419977
3
3
3
1 1000 17802712890
3
2 249381672992
1 999 17474872548
1 999 16251631425
2 16251631425
3
3
3
2 52077765839
3
2 73737736817
3
1 731 16395571975
1 999 16395571975
1 999 16395571975
1 999 15247881867
2 72363043484
3
1 999 15276666200
1 999 14360066228
2 190089060543
1 1000 13929264214
3
1 1000 13958046043
3
1 999 13986827666
3
1 1000 12754203462
1 999 12371577298
3
2 249670597241
1 999 15391806798
2 249670597241
2 193977069470
1 999 15391806798
2 15391806798
3
1 1000 15420589920
2 15420589920
2 249699489666
2 65628084191
3
1 999 15449372488
1 1000 15449372487
3
2 28840678469
1 999 15478153774
1 999 15478153774
2 47380057535
2 249757274517
2 72593680601
3
2 28322605947
2 15506933063
2 112032486396
3
3
2 249843951791
1 999 14786267020
1 1000 13307640300
2 13307640300
3
2 249872844216
1 1000 13336418352
2 249872844216
3
3
3
2 65887038915
1 1000 13154294510
2 13154294503
3
2 22596231084
3
1 999 13211848241
3
3
1 999 13269400493
2 250075091192
1 1000 13269400494
3
3
1 999 15852313711
3
1 999 15881095213
3
1 999 15909875716
2 250190660892
3
1 999 15938655952
1 999 15141723105
3
2 250248445741
3
1 999 15199280267
3
1 999 15228058396
3
3
1 999 15285612659
1 1000 15285612660
1 663 14674188096
2 76773269064
3
2 42288132852
3
3
2 250450692716
2 14760514503
2 250450692716
3
3
2 37728962625
2 14818065441
1 1000 14669884746
3
3
2 194872599902
2 42460952375
1 773 14727433684
2 111734729279
1 1000 14727433683
3
1 1000 13428147733
3
3
2 17518274491
1 999 13485692379
2 250652939691
2 250652939691
1 1000 12541693839
2 42547408420
2 12541693839
1 999 11287524420
1 999 11287524420
3
3
3
1 1000 11146352714
1 999 10366108011
1 999 10366108010
3
3
1 1000 10423638666
1 999 10423638665
1 999 10423638664
2 10423638661
2 23402453751
2 16514379522
1 999 9381274740
1 1000 9381274740
1 999 9099836459
3
2 9128595791
2 250826294242
3
1 450 9157356295
3
3
1 999 9214875436
3
1 1000 8596579620
2 19386159040
3
1 1000 8280323616
3
3
2 38247532813
1 999 8337838599
1 999 8337838598
1 999 8337838500
3
1 999 8366593937
3
1 999 8059534368
3
2 29647757537
3
1 1000 8117042132
3
3
1 528 8174547800
3
1 999 8203300624
2 8203300622
3
1 999 8912918180
3
1 1000 8941675436
3
1 98 8432205704
1 943 8432205704
3
3
2 24636624646
1 1000 9956505381
3
2 9985265914
1 1000 9985266468
3
1 1000 10014027058
2 251433035166
1 1000 10014027057
1 999 10014027057
2 32567514087
1 1000 10014027057
3
1 1000 9440216584
3
1 999 9468972299
3
3
1 999 9145422432
1 1000 9145422432
3
1 999 9174175149
2 89128027930
1 1000 8348499341
3
2 74439728057
2 11229021201
2 251606389716
3
1 999 10215349509
2 251635282142
1 1000 9806735520
1 999 9610600790
3
2 251664174566
2 38881522180
3
2 251693066992
2 9668115490
3
3
1 1000 9725631249
3
3
3
1 999 9811904034
1 999 9811904034
1 1000 9223189760
3
1 1000 8604308199
3
3
3
3
1 999 10560485009
3
1 999 9530320410
3
2 161256416994
3
2 252068668516
1 1000 9587838270
2 31145297779
3
1 999 8751102542
1 999 8663591475
2 17809461063
2 252097560942
1 999 8663591474
1 1000 8663591475
1 999 7970504088
1 1000 7970504088
3
2 114369677924
2 208467740508
2 68050741986
1 1000 7999257021
2 22544939417
3
2 8028008951
3
2 252184238216
1 1000 8056761132
3
1 999 7519526253
2 20296247664
2 7519526253
2 7519526250
3
2 26175659577
3
2 7577026367
3
2 252299807917
2 252299807917
1 999 9817918840
3
1 1000 9846677900
3
3
2 252386485191
3
2 15240811327
3
1 999 9563241696
3
1 999 9591999593
3
2 75333360952
3
1 999 9649514738
3
1 999 9678272140
3
2 252588732167
2 252588732167
2 252588732166
1 999 9707028807
3
3
2 193179581385
3
1 1000 9793296871
2 180442100000
1 999 9695363832
3
1 1000 9724117855
3
1 1000 9752871525
1 999 9752871526
2 10249297320
3
1 999 8901277931
2 180528484851
1 999 9879578738
3
3
2 44708770831
2 9937092566
3
2 252848763992
3
1 1000 9994609253
2 12494610017
3
3
3
1 1000 9072791190
2 9072791190
3
2 252993226117
2 18701993363
2 17904506241
3
2 68943192545
3
2 18759558666
3
1 999 9187816897
1 1000 9187816897
2 90628380406
3
3
1 999 9245325753
2 253137688242
1 861 9245325754
1 1000 9245325753
1 999 9245325753
1 1000 8783059415
3
1 999 8811809900
3
2 76025916186
1 999 8310125836
1 1000 10310942478
1 1000 10310942478
3
1 999 10339698107
2 115466255860
2 10339698107
1 999 10339698107
1 999 10339698107
2 253224365517
1 1000 10339698106
2 10339698096
1 999 10339698105
1 1000 10236301119
3
1 276 10162400193
3
1 1000 10191149752
1 1000 10191149753
3
3
2 253339935217
3
3
3
1 1000 10024845725
2 18335882652
1 1000 10024845724
3
3
3
1 1000 10009974546
3
1 999 9235622492
1 999 9235622493
1 1000 8496772608
1 493 7732063066
3
2 7760806131
3
2 7789549200
1 1000 7789549837
1 999 7789549837
1 999 10610050559
1 1000 9655145955
1 999 9655145956
1 1000 9558594441
1 999 9558594441
1 992 8985078736
2 123794533629
2 76429690676
1 830 8985078735
2 8985078731
3
3
3
1 999 9071311225
2 115928677206
3
2 114880591433
1 1000 9100055359
1 1000 9100055359
1 999 9100055359
1 999 8463051429
2 16535468941
1 999 8463051429
2 80119041168
1 1000 8463051429
1 999 8463051428
1 1000 8039898830
1 1000 8039898829
3
3
3
3
3
3
1 999 7637447928
1 999 7026452068
1 999 7026452068
1 999 6464335840
2 231921850466
3
1 999 6493067720
2 18825135936
3
2 6521798763
3
3
3
3
1 999 5973049890
2 24473885337
2 11173672001
1 1000 5973049800
3
3
1 1000 6030508043
3
3
2 254177815541
3
1 999 6116693827
2 6116693819
2 26800623806
2 254206707967
1 999 5994359924
1 999 5994359900
2 6116694044
1 1000 5574754707
3
2 254235600392
1 999 5603479780
3
2 6174161773
2 158862539912
3
3
2 5689652002
3
3
3
2 9789903535
1 999 5775825490
2 116650289421
3
2 9818621209
3
2 32989356093
1 999 5483275680
3
3
3
3
3
1 1000 5289273874
3
1 999 5317995246
1 999 5317995246
1 999 5317995246
3
2 46553210088
2 10048559311
2 5346713621
3
3
3
3
1 999 5079276003
2 254784556467
3
3
2 5136710755
1 999 4623039630
2 4623039630
2 164057094540
1 519 4438118016
3
2 4466833874
3
2 254900126167
1 1000 4495550442
1 999 4495550443
3
2 6292860190
2 4524265658
3
2 4552980873
3
1 999 4581698877
1 999 4581698876
1 1000 4352613860
1 1000 4352613860
3
1 1000 4381326239
3
1 999 4145435344
2 27635743012
1 999 4145435344
1 1000 3813800476
1 999 3813800477
2 3813800477
2 34112497034
1 999 3546834372
3
2 255073480716
1 1000 3504030866
1 1000 3504030867
1 1000 3153627720
2 92618735943
2 255073480716
1 999 3153627720
2 12578712600
2 164288308619
1 1000 3153627719
3
1 999 3182331103
1 1000 4696557473
3
3
2 255160157992
2 12162564988
3
3
1 1000 4811414593
2 4811414590
2 136801550442
3
1 1000 4840127873
3
2 186556518464
3
1 1000 4897552481
3
1 999 4778475789
3
3
3
3
3
1 999 4922031933
3
2 4950742163
3
2 14097980630
3
2 137148148098
2 5008162623
1 999 5008162623
1 93 5008162623
2 233597814125
1 1000 4607509592
3
3
3
2 12755147507
2 18463323858
3
3
1 1000 4751050282
2 78535347843
2 4751050282
1 999 4370966184
1 1000 4327256439
1 999 4154166144
1 999 4154166143
3
1 1000 4182870025
3
1 999 4211573163
2 5209127233
1 999 4211573163
2 85179000250
2 21465508611
2 65544481802
3
1 999 4240275066
2 78621367225
3
3
1 999 3867909120
3
1 1000 3779710730
1 1000 3779710729
3
2 22757550910
3
1 1000 3721993305
3
2 255969145891
2 82369374436
2 118208257070
1 999 3750690926
1 1000 3750690927
1 999 3638170173
2 13470430546
3
3
2 118266252454
3
2 3724257042
3
1 1000 3752955708
1 1000 3715426143
3
3
1 1000 3772814911
2 13244072736
1 1000 3772814912
1 999 3584174155
1 999 4584720873
3
3
2 4642126135
1 1000 4642126293
1 999 4410019890
3
1 1000 4261171776
3
1 1000 4289871967
3
3
1 1000 4303797597
2 28902795876
1 1000 4303797597
3
3
2 5960077306
3
3
1 999 5468736058
2 72346673479
2 21329185530
1 710 4976549760
2 22127522679
1 1000 4976549760
1 999 4976549759
3
3
2 5033957204
2 126680915088
3
1 1000 5062663890
1 999 5062663889
1 999 5062663889
2 16119517411
1 999 5062663800
2 5062663791
3
1 1000 5091364514
3
2 256575886817
1 1000 5120064725
3
3
3
3
1 999 5234864750
1 1000 5234864751
1 999 5234864751
1 1000 5234864752
2 5234864752
3
2 5263563759
3
3
3
2 256807026217
1 1000 5349662911
1 999 5082179755
2 138388602228
3
1 1000 5059768428
1 1000 5059768428
2 225977888168
3
2 16464191646
1 999 5088464045
2 8217386655
1 1000 5088464044
2 5407089413
2 48743730910
3
2 79717340507
1 1000 5014814448
1 1000 4663777392
1 999 5435808114
3
3
3
3
3
3
1 999 5608025022
1 1000 5608025023
3
1 999 5636726842
3
3
3
2 5722829302
1 239 5722831331
2 73095389430
1 999 5322233109
2 235216275291
2 24024198790
1 1000 5322233110
3
1 999 6243900703
3
2 6272608320
2 14232634102
2 257240412591
2 7902951213
3
3
2 11603153901
2 35812513527
1 999 6330023554
2 6330023551
3
1 1000 6358731085
3
1 366 6387437653
1 460 6387437652
1 1000 6387437651
3
2 6965002262
3
1 164 6444847604
2 86824318500
3
3
3
3
3
3
3
1 999 6645781365
1 1000 7046666989
3
2 257644906542
3
2 18050518154
2 34029094932
2 257673798966
3
3
3
3
2 7218928672
3
3
3
2 42246147725
2 22767817368
2 8534742542
1 1000 7305066871
3
2 257904938367
2 257904938366
2 198436404145
2 87313730412
2 7333776962
2 257904938367
3
2 257933830791
2 55536808161
3
1 999 7391197483
3
1 768 7419906688
2 49867336389
2 257991615641
3
3
2 7477323562
2 7477323562
1 999 7477324730
2 258049400491
3
1 999 7506033112
1 999 7506033111
3
3
2 23824784797
3
2 7592152263
1 1000 7592152350
2 258164970191
1 999 7592152350
1 1000 7136623162
2 95706450607
2 90711230260
2 9509976690
3
2 7165326570
2 12917363618
3
2 7194029990
1 1000 7194029993
3
2 11365069232
2 7678279894
3
1 1000 7854853771
2 258280539892
1 1000 7854853772
1 999 8936701764
1 999 8936701764
2 120517129390
3
2 120547003986
3
2 8994137554
3
1 999 8210798414
3
3
3
2 74365560356
1 999 8296949609
1 1000 8296949610
3
1 999 8325665600
3
2 258511679291
3
2 74452700041
1 999 9883582108
3
3
2 74509189709
2 74508301325
1 999 9941031800
1 1000 9941031799
3
3
3
3
2 167925506270
2 25550179825
2 10055923180
2 22990346322
2 258713926266
3
3
2 119930449027
2 258771711116
3
3
3
3
3
1 1000 10256989948
3
2 32857396831
3
3
3
1 1000 10371883712
1 999 10371883713
1 1000 10371883712
2 10371883705
2 23158336693
2 259031742941
1 999 9334695330
1 1000 9334695330
2 24716433037
1 1000 10914327776
1 999 10914327776
3
2 16148741645
2 23187417650
3
1 1000 10971780400
2 23976486492
2 259089527791
2 10971780394
2 16176502500
1 999 10971780400
1 999 10642626988
3
3
3
2 259176205066
1 1000 12284545136
2 33088376517
3
1 1000 12313277741
2 16691542482
1 1000 12313277742
1 999 12313277742
2 12313277733
2 12313277737
3
3
1 999 11628494566
3
1 999 14009518624
3
2 259320667191
1 1000 15250486977
2 40432765474
2 24207025890
3
2 19947335055
1 999 15279233100
1 999 13904102121
3
3
2 13961590371
3
2 24322108308
2 22232451211
3
1 942 13458315456
3
3
2 29915789427
2 259522914166
1 999 13515803411
3
1 573 12190091670
1 1000 11824388852
3
3
2 200139573485
3
1 1000 11553294610
2 25321939168
1 1000 11553294611
3
3
1 999 11610775400
1 999 10565805614
1 999 9509225040
2 9509225036
1 1000 8558302500
3
2 25407593635
2 259725161142
3
1 1000 8615777049
3
3
3
1 999 8701988229
3
1 999 8381495232
1 999 8381495232
3
1 999 8410229539
2 121056074575
3
2 56174303682
2 8438962842
1 999 8185793916
3
3
3
2 41124349744
3
1 1000 8300723801
2 57641256212
2 238074941641
3
1 1000 7663098784
1 999 7126681791
2 7126681790
1 999 7126681792
3
1 999 7155412263
1 999 7155412262
3
3
2 200689335357
2 17241238011
3
3
3
2 76152348583
3
3
3
3
1 999 7265689130
3
3
1 999 7323145447
2 27248172955
3
1 999 6763722792
2 17527851106
2 6763722792
3
1 1000 6792448953
1 568 8984930548
3
2 9013664996
3
3
2 260563041466
2 260563041467
1 998 9071133892
2 260563041467
3
3
3
3
3
3
3
1 1000 9272270366
2 260765288441
2 260765288442
2 31153966098
3
2 260794180866
2 9301003148
1 1000 8835952945
1 999 8835952945
3
1 1000 8864684631
2 260823073291
3
2 260851965716
3
3
1 999 8950877806
2 8950877806
3
2 48129876573
3
3
1 201 8223731789
3
3
2 205357886968
3
1 1000 8143722874
3
3
3
3
3
2 37571983176
1 1000 7790125074
3
2 20837322947
1 999 7818853858
1 999 7818853858
1 1000 7193345496
2 261256459667
3
3
1 1000 7250797707
2 31701004709
1 1000 7105781746
3
1 1000 7134506794
1 999 7134506794
2 261343136942
3
2 261372029366
1 999 7163230193
2 7163230189
2 7163230191
1 1000 6876700896
1 1000 6739166784
1 1000 6739166785
3
1 1000 6767887509
2 28227303934
3
1 1000 6796607808
2 261429814216
3
1 999 6825327987
3
3
2 151171548956
3
3
3
2 91007068779
3
3
3
1 1000 8249762909
2 71455323697
1 999 8249762900
1 1000 8249762900
1 1000 8249762901
2 32075302066
3
1 1000 8278488392
3
1 1000 8307212992
3
2 18746046425
1 1000 8335937113
3
3
1 1000 8393384362
2 261834308166
3
1 1000 7748338348
3
3
1 999 7025203350
1 1000 7025203350
2 49109829323
1 999 6463187036
3
2 132136821747
1 1000 6491906462
2 6491906462
1 1000 6102392016
2 261949877866
2 49138712703
1 1000 8508315562
2 261949877867
3
3
3
1 999 8422605296
2 8422605289
1 1000 8422605296
2 262036555141
3
3
3
2 18038876525
1 490 8508780437
3
2 189913795201
1 1000 8110629655
3
2 8139353211
1 999 7650992008
2 21757245614
3
2 21786175471
3
1 1000 7708438525
1 999 7708438526
2 7708438516
3
3
1 999 7222271190
2 27969031213
1 1000 6788934834
1 999 6110041320
1 1000 5743438822
3
2 240358178129
3
3
1 999 5829593600
3
2 19883800190
2 72175898632
3
1 1000 5769287538
2 10938871452
3
2 32852740255
1 999 5798004103
2 262469941516
3
2 262498833941
3
1 1000 5855436392
1 1000 5855436393
1 999 5855436394
2 72291473984
2 7995672604
3
1 1000 5707626955
3
2 5736341102
3
1 999 5765055249
2 28286847054
2 8997109236
2 5941584928
3
1 999 5793769040
2 27516061998
1 1000 5793769040
2 5793769040
1 1000 5330267480
1 1000 5330267480
3
2 5358977263
1 1000 5091028340
1 999 5091028300
2 5091028300
1 1000 5091028301
2 19742003009
1 999 5091028302
1 999 5091028303
1 1000 5091028302
3
1 1000 4761353550
3
1 1000 4790059343
3
1 999 4481450613
3
2 50689352592
2 262787758192
1 1000 4419951312
3
1 1000 4448654106
1 999 4448654106
1 1000 4448654105
2 18728797989
1 1000 4448654104
3
3
3
1 999 4534750400
3
2 11427374183
2 9485117066
2 11427437562
2 18843861875
1 1000 4563448523
2 17468468481
3
1 757 4224773952
2 50862088788
3
3
1 999 4282166684
1 1000 4239344934
1 1000 5435512579
1 999 5435512578
2 263018897591
3
3
3
3
1 999 5550333634
1 1000 5106306912
2 20202307759
2 263134467291
2 20097585076
3
3
3
2 5192416707
1 1000 5088568366
3
3
1 406 5145974457
2 232419853116
2 5961919864
3
3
3
3
3
2 263423391542
3
1 1000 5318191180
1 999 4839553901
2 5866192454
2 263452283966
2 4839553901
3
1 1000 4673524416
3
3
1 999 4730924341
1 1000 4730924341
1 999 4730924341
3
1 1000 4759621891
1 999 4759621891
2 55428837425
2 4759621889
2 33947072294
3
2 241629295441
2 263596746092
2 172806556914
3
3
2 263654530941
1 1000 4845708621
3
1 1000 4874404018
1 999 4874404017
2 207986020350
1 1000 4874404017
1 1000 4874404017
2 9144567276
1 1000 4874404017
2 40020026156
3
1 1000 4903095411
1 999 4706971584
3
2 61330573540
2 96279675110
3
1 1000 4764352256
1 1000 4764352257
1 999 4383204024
2 263770100642
3
1 1000 4103059839
3
3
1 1000 4160434998
3
2 125038578591
1 1000 3853991780
3
2 173123327544
3
2 93342919684
1 999 3833135642
3
2 263972347617
1 999 3861820643
2 29639512578
2 79872386341
2 263972347616
1 1000 3552874952
2 5834844249
3
1 999 3581557954
2 86811019242
3
1 999 3610239985
3
2 28926327848
1 999 3275028900
3
3
2 264116809741
3
3
1 1000 3389752553
1 1000 3288059925
2 51356864537
3
2 80102089797
3
2 40568084424
2 5419533483
1 999 3345417753
3
1 1000 3374096583
3
1 1000 3402775105
1 1000 3062497590
3
2 16932672480
3
3
2 3148527156
2 204904516184
1 1000 3148527156
3
2 21467248814
1 999 2891254366
3
2 15279043270
1 201 2919928889
2 2919928886
3
3
3
1 999 2705356620
3
1 1000 2734030127
2 2734030124
2 37108968990
2 21611110875
2 87358948447
3
3
1 1000 2791375141
1 540 2763461349
3
2 264636873391
2 264636873391
2 5821220118
2 264636873391
1 999 2568761716
2 13122897777
2 2568761706
3
2 2597431678
2 2597431684
1 1000 2597432421
3
3
3
3
2 94181530816
2 2712111239
1 1000 2712113642
2 2712113641
3
1 386 2521520268
3
3
1 999 2578858427
2 23388008664
2 17478785086
1 999 2578858426
3
3
3
1 999 2398373640
3
1 1000 2427039723
1 999 2427039724
3
3
3
2 67642912193
1 999 2513036379
2 243102387755
1 999 2513036378
1 999 2513036379
3
3
1 1000 2570365212
2 2570365207
1 999 2570365212
2 29378518674
3
2 3922774350
1 999 2495066496
1 1000 2370313080
1 1000 2370313081
3
3
2 265214721892
1 244 3393478951
1 999 3155935377
1 999 3155935376
2 81110918116
2 146789781050
3
3
1 999 2956212172
2 243305838075
3
3
2 30993123412
3
3
2 205916477661
1 999 3070885648
3
2 3099553009
2 3099553018
1 999 3099553018
2 7818280608
3
2 26017322052
3
2 103006866316
2 170065333123
2 22531279627
2 265474753716
3
1 1000 3185553982
1 1000 3185553982
1 999 3089987283
3
3
2 81456274527
3
2 8899384483
3
1 1000 3204645975
3
2 265648108267
1 1000 3233309648
2 9441550880
1 999 3233309648
3
2 265677000691
1 999 2968393883
3
2 3880896083
1 1000 2997054972
1 1000 2967084351
3
1 1000 2995743507
2 5302527274
2 6911996205
1 1000 2995743507
2 193494410690
2 50082828889
2 14214712615
1 1000 2905871195
3
1 1000 2934527351
3
3
3
1 999 3020494740
1 339 2809060071
1 1000 2809060072
3
3
1 1000 2723049220
3
2 147510937024
3
1 999 2780354877
3
1 999 2696646432
3
3
1 999 2726408520
3
1 999 2755058352
2 206608908217
1 999 2562204219
1 1000 2485338074
3
2 128337748652
3
1 999 2542632987
2 2542632987
2 266139279491
2 175346430977
3
2 266168171916
2 26736506955
1 1000 2571279979
1 1000 2494141503
2 266168171916
3
3
2 2551431487
2 266225956767
3
2 128483440843
1 999 2580077327
2 23309569998
3
2 2608721603
2 2608721603
3
3
1 1000 2426069191
1 999 2426069100
2 40230368877
1 999 2377547718
1 999 2187343884
2 266341526466
2 33149877187
2 3627587050
3
2 266370418891
1 999 3536293416
3
1 1000 3351050932
2 3351050923
2 3351050928
3
3
2 266457096167
2 14467099438
3
3
3
1 999 3494320941
3
2 266572665866
3
1 1000 3516110631
2 266601558291
3
1 999 3544763220
2 266630450716
2 28451793611
1 1000 3544763220
2 27197493684
1 999 3261182144
2 9023839329
3
2 6529523225
2 30755109187
1 999 3289831735
3
2 22580634042
3
2 3347128909
3
2 37114033748
2 3375777511
2 3375777511
1 543 3375779966
3
1 1000 3268251648
3
1 999 3296899702
2 4379902158
2 22695911285
3
1 999 3325546883
2 3325546877
2 9224696658
1 1000 3092758524
1 999 3092758523
1 999 3092758500
2 266832697692
2 3092758500
3
1 1000 3027759552
1 1000 3027759552
1 1000 3027759552
3
2 266890482542
3
1 999 3085039920
3
3
1 1000 3142318290
3
2 3170956475
2 13535658795
2 3170956475
1 999 3170956986
2 54896335748
1 1000 3170956987
2 267006052241
2 3917242899
3
2 3945895056
2 13564253658
2 8203686039
1 999 2943627032
3
1 999 2972264701
3
1 999 4003178707
2 4003178697
3
2 4031828666
3
2 267150514367
3
1 1000 4089128876
2 8346418431
2 4089128876
3
3
1 999 4104962631
3
1 1000 4133610689
2 267266084066
1 1000 4133610688
3
3
3
2 4219548861
1 1000 4008571360
2 24402120418
3
1 999 4037217277
2 69948751312
2 34185510319
2 31474688562
1 1000 4037217278
1 1000 3673867652
3
3
2 129666747538
3
3
3
3
3
3
3
1 1000 3931667233
3
1 974 3762295070
2 59520801514
1 999 3762295069
3
3
2 176935878501
1 999 3437620110
1 1000 3437620110
1 1000 3162610492
2 3162610492
1 1000 3162610400
1 999 3099358192
2 3099358183
2 5003342562
3
2 25203748940
3
2 267786147717
1 999 3156632076
3
3
1 999 3213905703
3
1 1000 3242541608
2 3242541608
1 1000 3112839936
1 999 3112839936
3
3
3
1 1000 3198738654
1 1000 3198738655
1 1000 4821133264
2 90764934771
2 5202464639
2 245991880753
2 27511327027
2 267959502267
2 83851079677
1 999 4821133263
2 267959502266
3
2 267988394692
3
3
2 19916912807
2 83937552713
3
3
2 7963831802
2 208630557140
3
2 5794145240
3
1 1000 5021646688
1 1000 5021646689
3
3
1 999 5078934241
2 268219534092
3
1 1000 5107577955
3
3
1 999 5164863596
3
1 1000 5193505531
2 5193505531
2 14857401528
2 268335103791
1 1000 4829960115
2 4829960115
1 1000 4829960116
2 55507200062
2 60184043006
1 1000 4829960116
3
1 1000 4858599468
2 172952299819
2 5513603231
3
1 1000 4594003532
1 1000 4594003533
3
1 999 4345282352
2 55592317292
2 4345282352
3
1 999 4373919170
2 16915926258
2 105978971895
3
3
3
1 999 4147638738
2 106065661464
1 1000 3815827604
1 1000 3815827604
2 84425651231
3
3
2 25635678050
3
3
2 130877781848
1 999 3694537272
1 999 3694537272
1 999 3694537271
3
1 999 3723167706
2 20548786957
1 1000 3537009315
3
1 999 3280386684
2 20935728384
2 6624952862
3
3
2 10599591790
1 999 3003877350
3
3
1 999 5680432754
3
3
2 34533266548
1 999 5737716218
3
1 1000 5420375486
1 999 5420375486
3
2 268941844716
2 8795660537
3
1 1000 5477654055
1 1000 5477654000
1 999 5477654000
3
1 883 4955661180
2 5852412808
3
1 999 4834767605
2 12316636210
1 999 4593029220
2 4593029220
1 1000 4593029221
2 24909329793
2 10183874561
1 1000 5881132712
2 17490509569
2 5881132712
2 33263360064
1 1000 5881132712
3
3
1 999 5463350540
1 398 6320052018
3
3
2 23087437196
1 999 6377367590
2 17955417912
1 1000 6377367591
3
2 178378616775
3
2 6434681156
2 6434735427
2 6434681162
1 1000 5919906612
3
2 5948562399
1 999 5948562626
1 1000 5948562627
3
2 12546296315
2 25236705586
2 5977217636
3
3
2 32072790589
3
1 1000 6063183114
1 999 6063183114
3
2 269375231092
1 1000 7026861499
2 269375231092
1 1000 7026861499
3
2 85292634277
1 999 6491083828
1 1000 6491083829
1 1000 8138099304
2 106930424104
3
3
2 56630981359
2 85348656115
3
3
2 34365655373
1 1000 8252800780
2 269519693217
2 14402818190
1 1000 8252800781
1 1000 8087744686
1 1000 8087744687
3
2 98940288109
2 32302914293
1 999 7629432920
2 23489998329
3
2 178783602957
3
2 269606370491
3
2 45954176254
2 247668250412
1 1000 7715451407
2 10588502149
3
1 999 7511799504
3
3
3
1 1000 7597813559
3
3
1 999 7655155234
1 1000 7655155235
1 999 7655155236
2 43686410157
2 269808617466
3
1 1000 7683825257
1 999 7606986948
2 29381149874
3
3
2 85781239210
1 1000 7664323309
1 1000 6897890970
2 57062413075
2 43096786177
3
3
1 999 6955223743
2 9489973315
1 999 6955223743
1 1000 6955223744
2 269953079592
2 13058545867
1 999 6955223743
3
3
3
3
3
3
3
3
1 1000 7184539023
2 36978078205
1 1000 7184539022
2 7184539022
1 241 6466085100
3
3
3
2 6552071607
1 1000 6552071764
1 999 6355509549
3
2 93099254211
2 12669190002
3
2 6412829995
2 6412829987
1 1000 6028060106
3
2 28852793142
3
1 999 5841963360
3
3
3
2 93274298496
2 40827960837
1 1000 5809379240
2 5809379240
3
1 999 5838036736
3
3
2 6838695975
2 132783262580
3
2 248621680691
3
1 1000 5952663549
2 114400725472
3
1 1000 5981319200
1 999 5443000472
2 66867507476
3
1 1000 5088638313
3
2 270704282642
1 999 5117291915
2 5117291915
3
3
2 44637566529
2 26634787047
2 20515918106
2 49236599973
2 41115876297
3
2 62634067313
3
2 5231902320
3
3
1 1000 5289211127
1 999 5289211128
3
2 7901111522
1 1000 5051970135
2 270906529617
3
2 9998925569
2 5729542472
1 999 5080621447
2 68506595616
2 12077298241
3
1 999 5109272594
1 999 5109272594
2 44839899345
3
3
3
1 999 5195222147
1 999 4935460995
2 19035695103
3
2 39095500917
1 1000 4964109491
3
3
1 1000 5021405351
2 28167451527
1 999 4770335035
2 271137669016
2 36776514375
2 103664903679
1 1000 4388708200
1 1000 4169272790
1 999 4169272791
3
2 108690590461
1 999 4197916969
1 999 3820104379
1 999 3820104300
1 1000 3820104299
1 999 3820104298
1 999 3820104298
3
2 23407268160
1 1000 3848742593
2 95398974999
1 1000 3848742594
2 3848742594
1 1000 3848742593
1 999 3617817950
2 3617817950
1 1000 5338479363
2 36832819792
3
3
3
2 29772879188
1 1000 5153207455
3
3
1 999 5210505149
2 5210505144
2 5210505149
2 271339915991
2 11590639323
2 5210505149
2 12281235336
1 1000 5002084896
3
1 999 4577965847
3
1 1000 4606612469
3
3
3
2 271484378117
3
1 1000 6841054423
3
3
2 30060449354
1 1000 6829384023
3
1 1000 6720878808
1 1000 6048790920
1 1000 6048790920
2 13961252197
3
1 1000 6077444302
2 25559307704
1 1000 6077444303
2 6077444303
1 1000 6077444304
1 1000 5712797642
3
1 999 5741449144
3
3
2 271715517516
3
3
2 5856051152
2 5856051156
3
2 14161829134
3
2 58995627324
2 5913352162
3
2 271859979641
1 1000 5466642392
3
2 271888872067
1 1000 5495291982
1 999 5385386062
3
2 87802170271
2 19083640793
1 1000 5035051248
3
2 271946656916
3
3
1 1000 5069781090
2 272004441766
1 1000 4765594140
2 7690343760
1 1000 4765594141
3
1 999 4602469152
3
1 1000 4631113276
3
3
3
2 42496812777
3
2 4745685765
1 999 7500197641
3
3
2 272235581167
3
1 999 7586168486
3
3
1 1000 7490610694
2 29747878220
3
2 7519265644
3
1 999 7547922403
2 272380043291
1 999 6793130160
2 88265706250
3
3
2 6850437868
2 79327060467
2 29463584015
1 1000 6850439304
3
3
2 101881372352
3
2 11576206785
3
1 1000 6825752430
2 6825752430
3
1 1000 6717316900
3
3
3
2 250701039647
3
1 999 6695284638
1 999 6360520370
1 422 6042494285
3
2 20702451491
2 14531924127
1 1000 8988376915
3
2 272755644816
1 999 8115334470
3
3
1 1000 7764022440
3
1 999 7792682508
3
2 272871214516
2 26795571360
1 787 7821341938
2 7821341937
3
3
3
2 11012837480
1 1000 7511951910
2 7511951910
3
3
3
1 999 7597924839
3
2 7626581476
3
3
3
1 1000 6941296260
2 19482016351
1 999 6941296261
2 273160138766
1 999 6663644352
3
2 273189031192
3
1 1000 10961112603
1 1000 9865001340
3
3
3
1 1000 9055408635
2 38937359290
2 21743057872
2 9055408630
3
1 999 9084074331
3
3
3
1 1000 9170069206
3
2 9198733165
1 65 9198733803
3
3
1 999 9256062921
2 273506847866
3
3
1 999 9313391554
3
2 273593525141
1 1000 9342055687
3
3
1 999 8647431348
3
1 1000 7808484060
2 251711279143
1 1000 7808484059
1 999 7339974960
2 7339974960
3
2 14633847562
1 999 7368634256
2 7368634246
1 1000 6779143464
2 60866948528
2 251741948975
3
1 1000 6807801476
3
1 999 6221177144
1 999 5785694703
2 17026143482
3
1 382 5698062706
3
2 5726717338
1 999 5726717677
2 5726717670
1 1000 5726717677
2 21794320367
1 1000 5440381720
3
1 999 5469033809
3
1 1000 5112846864
1 1000 5112846863
2 8009108287
2 214408715330
1 1000 5112846864
1 999 5112846863
1 1000 4601562120
3
3
1 999 4612267737
2 20257444140
1 999 4381654315
3
1 1000 4410300207
3
3
1 999 4154858607
1 1000 3864018498
3
3
2 274084696367
1 999 3921304200
2 38299106760
1 1000 3803665074
3
2 14653899676
3
2 71706022953
2 3860946862
1 1000 3667899460
2 3667899451
2 3667899455
1 999 3667899461
3
1 999 3696539356
1 487 3585643121
3
3
3
3
1 1000 3478184898
3
2 3506822307
3
3
3
3
1 1000 3621375727
2 90306888443
3
1 1000 3650013391
1 999 6070712872
3
1 1000 6099363257
1 999 5794395040
1 999 5388787350
1 999 5388787349
2 15607954493
2 28966084929
2 30343296498
3
1 999 5417434123
1 890 4929865031
3
3
2 118355062956
3
1 999 4765009620
2 112123186227
3
2 215157694600
2 4793653506
1 999 4793653563
2 72196536428
3
3
2 14193816436
2 274691437291
2 274691437292
3
1 1000 4879584305
3
1 999 4908227864
2 4908227863
2 21234641657
3
3
3
2 215359864665
2 274835899416
1 999 4594623060
2 23266256830
3
3
1 286 4651907910
1 1000 4651907900
3
3
1 999 4709190649
2 12681283305
1 1000 4238271540
1 985 3983975210
3
2 40603504390
2 4012613601
3
1 1000 4041253835
3
3
2 62221812447
3
3
2 45463734327
2 4155807078
2 35655706797
1 999 3740226300
3
3
2 253212716915
2 4938333144
1 999 3797500928
3
3
2 3854773558
2 3854773558
3
2 253301218085
3
2 3912046188
3
2 3940683988
2 275327070641
1 1000 3940683372
2 145501537257
3
3
1 1000 3758077042
3
3
1 1000 3471964860
3
2 3500598346
3
1 1000 3282185574
2 275500425192
1 1000 3282185575
3
2 56594573653
3
1 999 3072294460
1 1000 3010848512
2 23517578271
3
3
3
3
1 1000 2906594472
3
1 999 2641701510
1 999 2641701509
1 999 2588867470
1 999 2588867470
3
1 1000 2355743610
3
1 1000 2384368104
3
3
1 1000 2270701950
2 253848147997
2 14845661866
2 28372360697
1 999 2270701949
1 1000 2270701950
2 91694502221
2 2270701950
1 1000 2270701950
1 999 2270701900
1 999 2270701900
1 999 2270701899
1 1000 2270701899
2 2270701893
1 999 2202580746
2 41438084307
1 999 2202580746
3
1 499 2231196102
2 127388598410
3
3
1 1000 2288426779
2 2527488024
1 1000 2265542433
3
1 1000 2294156759
1 1000 2870730486
1 999 2755901184
2 91806728494
3
1 1000 2784528460
3
3
3
1 1000 2870408008
3
3
1 999 2927660287
2 33110427537
1 999 2927660287
3
1 999 2956284452
2 119912252775
3
2 63314052853
2 26946831554
3
1 434 2892989472
1 999 2748339930
2 220493459196
3
1 1000 2776962126
3
1 999 2805584158
3
3
2 16110093176
2 2862826224
3
1 999 4942944736
1 999 4942944736
3
2 185568659688
2 92245467976
3
1 1000 5000212818
1 1000 5000212817
3
3
1 999 5006902032
2 138670052668
2 25225946360
1 516 5006902031
2 5006902021
1 999 5006902032
2 15944134856
3
1 1000 5035532510
1 1000 5035532511
3
1 1000 5064162822
3
1 999 5041864179
3
2 5070492491
3
1 598 4640199928
1 999 4640199928
1 1000 4268983908
2 4268983908
2 17701311885
2 17502886862
2 18928921544
3
3
3
3
1 999 4120477498
3
2 114258372463
3
3
3
2 4234976362
1 1000 3811478670
1 1000 3773363814
2 41644842692
2 25248907154
3
3
1 1000 3830609322
1 1000 3830609300
2 24839255183
1 1000 3830609301
3
3
2 3887850809
3
1 1000 3916472453
3
1 228 3866190650
3
2 23331583541
1 999 5630208303
3
1 1000 5658843480
3
3
2 217640320280
3
3
3
1 1000 5802014365
1 339 5569933728
1 999 5514234363
3
2 17106896060
1 999 5542866642
2 14945995563
3
3
1 1000 5600130280
3
3
3
2 5973813967
2 277378432817
2 21781401756
2 277378432816
1 603 5686022902
1 999 5686022901
3
2 33245861081
3
3
1 1000 5367876951
1 999 5367876951
2 20820267974
3
1 999 5396504696
2 5800545366
2 277494002517
3
1 999 5425132031
2 20581938421
3
1 999 5453758629
2 5453758629
2 36014276703
1 1000 5181070670
2 34953428176
1 380 4818395658
2 138687886237
1 999 4818395659
3
1 999 4459257664
1 1000 4325479872
1 1000 4325479873
1 999 4109205810
3
1 999 3765422024
2 20845350019
1 999 6202908080
1 999 6202908081
2 277609572217
1 1000 6202908081
1 1000 5706675360
1 999 5193074523
3
1 1000 5221706414
3
1 999 5145330554
3
3
3
3
1 999 4786463591
2 46132240170
2 34783684589
3
2 4815092484
3
2 84717965083
2 218364809425
2 42039833148
2 277840711617
1 1000 4359349170
1 1000 4359349170
1 999 4010601172
1 999 4010601172
1 999 4010601172
2 34837208951
2 18933188547
2 44605465855
3
1 999 3998832750
2 6460639021
3
1 1000 3664984596
1 999 3664984595
2 16568959740
1 1000 3664984594
1 1000 3664984594
1 1000 3664984593
3
3
1 1000 3461664879
3
3
1 999 3518900072
3
2 278042958592
1 1000 3547516670
3
3
1 1000 3604748608
2 6689706720
3
1 1000 5708449408
2 32588157771
3
1 999 5737080347
2 278158528291
3
2 100973511901
1 934 5765710287
1 999 5477424690
3
3
1 1000 5534680700
3
2 12365709306
2 5563307703
3
2 278302990416
2 278302990417
2 18089694952
1 1000 5591934940
3
3
1 616 5649189157
2 278360775266
1 1000 5649189158
3
3
1 999 5192861583
3
1 1000 5221487560
2 5221487550
3
2 278476344966
3
3
3
3
2 278591914666
1 999 7176719579
1 999 7176719579
2 16603777297
3
3
3
1 1000 7044747123
1 999 9542628160
2 12298071574
2 9542628155
2 44289825581
2 38179703994
1 1000 9542628160
3
3
1 999 9599920496
2 28447705430
3
1 999 9628565895
3
3
2 278823054067
2 278823054067
2 34654041144
3
3
3
3
2 9800432285
1 1000 9800433898
3
1 999 9632495950
1 1000 9632495950
1 1000 9632495950
3
2 10855922044
3
2 23852444097
2 60080098437
3
1 1000 9524049542
1 1000 8762125540
1 1000 8411640480
1 999 8411640481
3
1 1000 8102666976
1 999 8102666975
3
3
2 66282280536
3
1 999 7861030944
1 1000 7389369046
3
3
3
3
3
1 999 7532540327
1 1000 7532540326
3
3
2 11228134381
2 7589804842
1 999 6982620416
1 999 6982620415
1 1000 6982620416
3
1 1000 7011251058
3
2 89154299450
3
3
3
1 1000 7125770374
2 279516472266
2 7125770374
3
1 1000 6868223232
3
3
1 1000 6302185708
1 1000 6113120129
1 999 6113120129
2 55892131344
2 220126901589
1 999 5501808090
1 1000 5501808090
2 279603149541
2 279603149541
1 999 5501808090
2 7818867606
3
1 999 5530430619
1 999 5530430618
2 141848361756
3
1 999 5392279567
1 1000 5392279567
2 39159112427
3
3
1 999 5449516688
1 370 7933425799
3
3
2 46537330149
1 999 7990694447
1 999 7990694446
2 279776504092
1 999 7990694445
3
3
2 106194408550
2 66973257711
1 999 7565079580
3
3
2 20975422616
3
3
2 279949858641
1 999 7218824752
3
3
2 7276083408
2 18662516902
1 1000 7276084248
3
3
2 142279830639
2 26346935264
3
3
3
2 11003470474
2 7419227986
3
2 28581244190
1 999 7447856736
1 999 10835515222
2 23223200081
3
3
1 781 10892799856
3
1 999 10921441975
1 999 10921441976
1 1000 10921441976
2 10921441976
3
1 999 10950082128
3
2 10978721279
3
1 999 11007361897
1 999 11007361898
2 280354352591
1 999 10677140946
2 10677140937
3
2 47139166291
2 142595262500
2 25202236930
1 1000 10277547648
1 1000 10174772124
2 27334948046
1 999 10174772123
2 10174772120
2 280383245017
3
1 1000 10203407011
3
3
3
3
2 280527707142
1 1000 10317946528
1 999 10317946500
1 1000 10317946499
2 36350318153
3
3
3
3
3
2 10461105904
2 22974512589
1 1000 9624217428
3
1 219 9652848966
2 14304220338
3
3
3
2 103569679873
1 999 9349193184
3
2 28746329417
2 27094665846
3
2 221365860233
1 1000 9406454488
1 1000 9406454488
2 280845523816
2 33006900884
3
2 280874416242
1 1000 9435083140
3
2 280903308667
1 999 9463711539
2 54746832351
3
3
2 47716685319
1 1000 11608816592
1 999 10796199345
3
3
3
2 281047770791
2 281047770791
3
3
2 18787171662
3
2 88003930915
2 38117880372
2 151303291443
1 999 10968035494
2 38113948498
3
2 25977401548
3
1 1000 11025313015
3
3
2 90971366663
1 1000 11082588607
1 1000 11082588606
1 1000 12092331835
2 259282136089
1 999 12092331834
2 12092331834
1 999 12092331834
1 999 11124945256
3
1 999 11153589744
2 281278910191
2 281278910192
1 999 11042053803
3
1 999 11070696469
3
2 33861935916
3
3
3
2 11185263132
2 11185263132
3
2 33252226571
1 999 11213908318
2 11325457141
2 281452264742
2 29378251219
1 1000 10204656553
2 281452264741
2 19442311268
2 10204656552
1 999 10204656553
3
2 10233295919
3
3
3
1 999 10319216172
3
1 999 9726983700
3
1 999 9755622429
3
3
1 1000 9812898531
1 999 9812898532
1 999 9812898531
2 39065547580
3
1 999 9841535278
3
1 999 9870171636
1 878 9870171636
3
1 1000 9799818039
3
1 1000 9828452124
1 865 9828452124
2 31493831760
3
2 40270601574
3
1 1000 9885717357
1 1000 9589145781
1 999 9205579872
3
1 1000 9234210472
1 1000 9234210471
2 9234210471
1 999 9234210470
1 1000 9234210471
3
1 1000 8429182580
2 29838596411
3
3
2 8486435776
1 1000 8486435995
3
3
2 8543687408
3
2 282059005666
2 15061363553
3
3
2 30507492202
2 34638209879
2 260148530827
2 8629564533
2 58397718890
2 282116790516
2 22291071149
3
1 999 7792371180
3
2 60615432123
2 144388965420
1 999 7820995889
3
3
3
1 1000 7906868672
2 143392145343
1 999 7906868672
3
3
1 999 7247342921
3
3
2 7304585447
2 22134149081
2 282376822341
2 282376822342
1 1000 7304585932
3
1 1000 7113210208
2 105182793181
1 1000 6686417588
2 6686417588
2 6686417582
3
2 34954459758
3
2 8107227782
1 1000 6676218054
3
1 999 6704835608
1 999 10515641459
3
2 226819595624
1 1000 10227945101
2 66821639306
1 1000 10227945101
3
3
3
3
2 10342464651
3
1 999 10371094551
2 10371094551
1 1000 10371094551
1 1000 10371094552
2 28015947127
3
1 667 10399723443
2 31082011742
3
3
1 1000 10456980116
2 10456980116
3
2 61220621692
1 999 10485608129
3
