10 300 1000
14 5 4 12 2 3 13 14 10 15
520170 759963 158265 644349 895028 145333 779869 325729 717065 8540 47676 700180 65845 971896 9989 23628 295491 691390 516086 650350 350776 862303 457285 559958 517690 717883 562541 651395 177230 426957 559343 30449 651547 341542 653867 216722 476651 245681 170908 325680 483946 477080 804354 100864 890713 280942 818155 615924 907409 984594 397608 969820 845861 772164 630265 709818 428495 607063 173684 169548 375770 143888 49453 919546 215409 123924 204979 921295 724456 193730 532418 844686 21262 487430 111537 871318 509851 814997 157171 703098 20732 171915 273286 272676 849470 822137 674658 959162 753811 287844 345977 939327 654619 151284 318362 90697 592561 620801 40022 314058 950555 826259 57422 485005 406742 276 665420 192817 436960 828747 73283 631073 90079 2378 2137 505128 295383 770317 606010 819167 966811 943801 215521 958121 658606 995994 905910 838154 704026 715396 270196 999753 958098 323254 566672 855426 856944 682948 152245 320277 518164 304706 42664 188261 760196 891487 247602 878940 848156 914554 634689 878426 424617 825325 891508 452115 545400 429356 769126 519036 981309 176484 353703 754394 215525 780321 336770 324874 398207 996593 351853 504813 695019 492673 131203 74217 737012 610806 848005 933019 121071 450277 673740 776714 388641 450782 478416 184900 874211 150376 658365 301601 430852 257732 718272 899292 813607 692626 648676 517567 211681 310191 399449 647307 790978 172365 938257 61681 410253 828005 62552 10179 656690 603971 263574 669671 954466 78075 832373 105599 943718 658186 897141 297530 296951 842663 915487 377785 17241 402048 943381 3958 624214 943418 631187 465860 357049 542389 138617 182231 303952 524527 474662 790292 781882 794337 639878 179423 250011 314262 106177 440217 131949 980174 791168 611001 633794 955329 546443 59177 613616 584039 402027 715410 989365 253650 446436 487194 848191 564085 122981 864226 609610 127799 546961 742657 491220 459156 702858 357344 63333 928089 376062 478901 524626 261706 405496 794608 484162 487149 34635 860887 502074 313380 571344 24149 200279 394776 848 428985
9 8 73861
0 3 45758
4 0 93876
1 8 99495
4 6 85196
1 3 21476
2 4 57128
7 2 16625
5 7 30944
0 57 6 2
0 114 4 1
1 114 9 5
1 114 2 2
1 114 6 1
1 57 0 2
1 57 6 3
1 114 7 11
1 57 1 3
1 114 4 1
1 114 2 1
1 57 1 3
1 57 2 4
0 25 7 3
0 21 3 8
1 21 9 12
1 114 1 5
1 21 7 3
1 25 6 10
1 57 8 7
1 114 9 7
1 25 2 1
1 57 0 10
1 114 2 4
1 57 9 15
1 25 0 4
1 21 8 2
1 114 7 10
1 21 3 3
1 21 1 3
1 57 2 3
1 21 9 9
1 114 6 11
1 114 0 7
1 25 4 2
1 25 4 2
1 25 8 3
0 217 8 3
0 274 9 2
1 57 6 8
0 8 5 3
1 8 5 3
1 114 7 8
1 57 4 2
1 57 4 2
1 8 9 10
1 25 5 3
1 114 4 1
1 21 1 2
1 57 9 12
1 8 3 5
1 274 7 14
1 274 5 2
1 21 6 3
1 8 5 2
1 25 3 4
1 21 1 1
1 21 2 3
1 114 8 3
1 25 5 3
0 52 0 2
1 21 9 14
1 57 6 5
1 21 1 3
1 217 5 2
1 274 7 13
1 25 9 13
0 17 5 1
1 25 9 15
1 8 5 3
1 21 2 4
1 52 4 2
1 17 9 7
1 52 7 11
0 198 5 3
0 32 0 1
1 17 2 1
1 274 3 6
0 50 7 4
1 32 2 4
1 274 7 6
1 25 8 10
1 32 3 6
1 274 1 2
1 57 3 3
0 16 4 1
1 32 6 1
1 198 5 2
1 50 3 5
1 16 9 3
1 274 8 10
1 8 2 4
1 57 4 1
1 16 9 2
1 32 2 4
1 17 6 9
1 217 3 4
1 21 2 3
1 57 8 8
1 217 0 10
1 50 5 3
1 114 2 1
1 25 0 12
1 52 2 2
1 57 8 3
0 84 1 3
1 8 3 5
1 25 9 3
1 32 0 6
0 161 3 6
1 217 9 14
1 32 7 12
1 52 3 4
1 217 7 6
0 96 3 5
1 16 8 8
1 50 4 1
1 25 1 3
1 32 5 2
1 32 7 14
1 274 6 8
1 52 7 1
1 198 8 3
1 274 0 10
1 21 3 11
1 25 8 4
1 84 9 8
1 32 4 1
1 25 3 12
1 32 9 14
1 17 7 8
1 114 5 2
1 84 2 1
1 114 2 3
1 217 6 3
1 57 1 4
1 274 2 2
1 161 9 15
1 114 6 6
1 84 5 3
1 96 8 3
1 50 7 12
1 198 8 9
1 50 6 11
1 114 0 4
1 114 5 2
0 177 7 4
1 32 9 15
1 16 7 14
1 198 6 12
1 50 0 5
1 16 1 1
1 32 9 14
1 217 7 3
1 50 1 2
1 57 8 9
1 274 1 4
1 114 9 9
1 17 6 5
1 8 4 1
0 298 7 10
1 50 3 1
1 52 2 2
1 161 1 1
0 277 2 2
1 177 6 12
1 21 7 12
1 274 9 6
1 84 1 4
1 57 7 4
1 298 0 13
1 16 8 3
1 84 5 2
1 274 8 5
1 52 4 2
0 221 4 2
1 16 7 9
1 177 0 7
1 298 4 2
1 16 3 4
1 8 0 6
1 274 0 4
1 57 1 4
1 16 7 1
1 32 0 4
1 50 7 5
1 221 9 15
1 96 1 3
1 52 5 2
1 198 6 12
1 17 1 5
1 114 6 5
1 17 1 1
1 84 3 2
1 25 4 1
1 198 8 10
1 177 0 14
1 52 1 3
1 16 9 14
1 84 7 8
1 25 9 15
1 8 7 4
1 52 2 1
1 50 9 15
1 177 7 14
1 50 1 4
1 274 2 1
1 177 2 4
1 274 5 2
1 274 8 2
1 96 0 2
1 8 0 14
1 177 1 2
1 298 0 2
1 50 5 3
1 221 1 2
1 57 4 1
1 50 5 3
1 16 0 11
1 96 1 5
1 274 4 1
1 21 9 10
1 84 4 1
1 161 7 3
1 298 9 12
1 298 2 2
1 16 6 2
1 298 6 1
1 298 1 5
1 16 3 6
1 277 4 2
1 32 8 7
1 114 3 7
1 57 6 3
1 16 9 8
1 25 8 2
1 298 4 2
1 84 1 1
1 277 0 14
1 96 5 2
1 274 8 2
1 298 2 1
1 16 7 1
1 96 1 5
0 258 6 1
1 198 0 11
1 177 6 10
1 8 2 2
1 177 9 5
1 161 0 10
0 59 1 3
0 122 3 8
1 8 8 7
1 198 5 2
1 16 0 13
1 8 8 6
0 72 2 4
1 122 4 2
1 32 2 1
1 96 0 8
1 122 0 4
1 96 8 4
1 217 4 1
1 17 0 14
1 17 5 2
1 50 8 9
1 258 1 4
1 16 6 2
1 217 5 2
1 221 8 7
1 8 0 12
1 161 8 6
0 124 6 5
1 32 3 9
1 277 5 2
1 298 8 5
1 277 2 1
1 25 2 1
0 212 8 5
1 21 6 13
1 277 8 6
1 8 2 3
1 17 6 6
1 274 0 14
1 277 7 6
1 50 9 10
1 274 8 3
0 109 7 2
1 198 5 1
1 217 9 6
1 96 2 3
1 96 8 10
1 274 2 1
1 298 3 2
1 221 6 8
1 8 5 3
1 198 9 6
1 32 3 7
1 84 8 2
1 84 0 10
1 25 3 4
1 8 4 1
1 258 9 5
0 297 0 3
1 298 4 2
1 52 8 8
0 214 6 3
1 214 6 12
0 289 8 1
0 26 3 3
0 234 7 10
0 204 3 2
1 84 1 2
1 221 3 2
1 50 0 14
1 212 7 2
1 289 7 1
1 57 6 5
1 96 4 2
1 50 9 9
1 84 2 3
1 26 6 6
1 277 9 8
1 221 3 1
1 57 7 13
0 128 0 6
1 258 9 8
1 72 5 3
1 114 7 6
1 26 0 3
1 59 7 6
1 289 1 1
1 17 4 1
1 17 0 11
1 17 9 3
1 198 1 3
1 289 8 7
1 17 3 10
1 16 5 3
1 298 9 13
1 221 3 8
1 8 6 3
1 96 0 12
1 17 8 6
1 52 5 1
1 274 6 3
1 177 5 3
1 32 6 7
1 32 7 9
0 143 7 8
1 143 1 1
1 177 8 7
1 16 6 4
1 57 4 1
1 177 4 1
1 72 8 4
1 84 9 15
1 96 1 2
1 21 5 1
1 25 4 1
1 214 2 2
1 297 7 12
0 281 5 3
0 46 3 5
1 122 0 13
1 258 3 10
1 221 5 3
1 281 0 12
1 204 6 10
0 95 7 3
0 227 1 4
1 95 1 5
1 16 3 3
1 289 5 1
1 32 4 2
1 289 3 12
1 16 2 4
1 109 9 10
1 95 7 5
1 59 2 4
1 234 2 4
1 17 3 10
1 46 5 1
1 258 3 5
1 143 6 3
1 204 3 4
1 95 8 7
1 17 2 1
1 25 5 2
1 25 0 14
1 258 0 3
1 281 5 3
1 214 6 10
1 221 3 8
1 17 1 4
1 95 5 1
1 114 5 3
1 143 7 9
1 217 6 10
1 258 2 1
1 32 3 6
1 26 4 1
1 122 4 1
1 143 8 7
1 26 1 2
1 50 1 4
0 66 0 8
1 221 8 3
1 204 4 1
1 234 9 11
1 161 9 7
1 128 0 13
0 15 0 4
1 84 0 6
0 262 7 4
1 277 7 8
1 16 0 8
1 8 6 3
1 214 8 9
1 72 1 3
1 46 8 5
1 274 8 4
1 161 8 6
1 21 7 12
1 234 0 3
1 258 6 8
1 109 9 7
1 274 8 1
1 32 3 2
0 139 3 3
1 177 7 5
1 221 9 4
1 234 1 5
1 52 5 2
1 221 3 1
1 143 3 11
1 258 4 1
1 109 1 1
1 214 2 3
1 8 8 8
1 95 0 4
1 21 9 12
1 72 3 3
0 125 8 2
1 234 1 1
0 170 8 10
1 128 9 10
1 212 8 7
1 161 9 7
1 217 7 9
1 214 2 1
1 143 7 11
1 274 5 1
1 289 8 7
1 109 6 4
1 274 5 3
1 96 6 5
1 125 0 13
1 177 9 7
1 198 3 6
1 212 1 3
1 198 1 3
1 262 7 11
1 15 1 1
1 198 2 4
1 143 9 1
1 124 0 1
1 17 2 3
1 84 3 10
1 25 3 7
1 66 3 7
1 84 9 11
1 32 1 2
1 170 8 7
0 246 1 2
0 120 2 2
1 114 2 3
1 66 8 10
1 217 3 6
1 17 0 13
1 212 8 8
1 25 3 9
1 21 5 3
1 66 7 11
1 15 7 12
1 66 7 4
1 128 0 6
1 262 6 4
1 139 7 12
1 143 3 1
1 16 6 8
1 221 3 4
1 59 2 4
0 294 0 3
1 297 5 1
0 254 6 11
1 122 2 2
1 96 4 2
1 161 7 2
1 246 1 4
1 227 3 7
1 66 1 4
1 15 1 4
1 57 6 10
1 161 7 11
1 281 9 5
1 84 3 1
1 221 4 1
1 254 9 14
1 204 1 4
1 8 1 1
1 139 7 6
0 106 5 2
1 204 0 3
1 84 9 2
1 57 6 6
1 234 3 5
1 274 8 9
1 15 0 9
0 224 6 13
1 297 1 3
1 198 5 3
1 139 7 6
1 84 0 1
1 96 3 7
1 234 5 1
1 277 9 15
1 217 3 9
1 125 3 9
1 32 5 3
1 221 9 12
0 179 2 2
0 56 1 3
1 258 9 1
1 177 6 12
1 289 3 3
0 147 2 1
1 298 7 12
1 294 0 3
1 224 8 1
1 234 0 11
1 221 3 11
1 52 5 3
1 8 9 2
1 234 5 1
1 177 7 3
1 95 0 9
1 16 3 4
1 95 6 4
1 170 3 5
1 170 8 10
1 46 8 7
1 17 7 13
1 198 2 4
0 79 8 8
0 225 1 2
1 246 6 3
1 297 4 1
1 177 8 3
1 106 0 12
1 297 0 6
1 214 6 6
1 46 5 2
1 254 0 9
1 114 0 6
1 198 3 11
1 198 7 12
1 122 7 8
1 96 2 2
1 225 1 4
1 139 2 3
1 254 5 2
0 200 1 2
1 277 8 9
1 84 7 13
1 200 2 4
1 246 7 14
1 214 8 2
1 227 3 7
1 50 9 3
1 214 3 3
1 294 7 1
1 122 4 2
1 95 6 6
1 204 0 12
1 96 8 1
0 253 2 1
1 106 8 8
1 46 9 4
1 15 2 1
1 128 7 10
1 274 4 1
1 72 5 1
1 109 3 5
1 224 1 4
1 26 9 11
1 139 8 10
1 139 8 2
1 227 3 12
1 147 3 12
1 179 9 10
1 143 7 1
1 254 7 13
1 114 1 2
1 297 3 9
1 46 2 4
1 217 5 1
1 109 8 9
1 15 4 2
1 26 3 9
1 262 8 7
1 277 4 2
1 66 8 5
1 15 3 5
1 125 1 5
1 212 2 3
1 221 2 3
1 177 2 1
1 289 6 6
1 120 7 12
1 246 4 1
1 66 7 8
1 281 8 6
1 281 1 5
1 224 2 3
1 96 9 13
1 52 0 11
1 32 5 1
1 281 0 9
1 109 1 5
0 82 9 15
1 32 8 1
1 26 8 9
1 32 8 6
1 225 9 11
1 225 7 5
1 258 9 15
1 212 3 10
1 17 3 8
1 21 6 9
1 262 8 1
1 177 5 3
1 79 8 3
1 297 1 4
1 114 1 2
1 198 2 1
1 224 1 4
1 281 2 2
1 161 9 10
1 139 2 1
1 128 3 3
1 254 3 8
1 294 6 2
1 109 5 2
1 246 8 4
1 128 1 2
0 24 4 2
1 8 1 5
1 143 7 12
1 79 6 9
1 24 0 4
1 15 7 1
1 200 8 1
1 106 1 3
1 50 2 4
0 176 7 1
1 198 4 2
1 56 1 2
1 106 3 9
0 255 5 1
1 26 9 6
1 59 6 2
1 221 9 3
1 262 6 12
1 143 3 9
1 198 7 2
1 221 7 6
1 234 2 3
0 136 1 4
1 258 8 1
1 253 6 12
1 143 4 2
1 120 3 4
1 114 1 4
1 297 6 3
1 227 1 5
1 59 3 3
1 179 9 14
1 128 2 1
1 161 0 8
1 122 8 10
1 298 6 6
1 16 0 14
1 274 2 4
1 254 9 8
0 131 3 9
1 125 1 5
1 258 2 4
1 79 5 3
1 114 9 10
0 207 4 1
1 274 3 6
1 128 0 6
1 212 3 3
1 234 0 11
1 26 3 10
1 143 0 9
1 143 8 5
1 122 1 4
1 253 8 10
1 179 6 3
1 281 8 2
1 50 9 3
1 170 2 4
1 50 3 8
1 253 4 2
1 246 9 5
1 217 6 3
1 15 6 12
1 200 5 3
1 56 9 14
0 23 3 7
1 294 4 1
1 26 3 11
1 289 7 5
1 227 2 3
1 234 3 12
1 161 3 1
1 66 6 13
1 198 1 4
1 72 2 2
1 57 8 9
1 227 8 9
1 136 8 8
1 122 9 15
1 136 2 4
1 46 2 1
1 59 1 4
1 131 1 1
1 204 7 7
1 212 2 1
1 128 8 1
1 289 2 4
0 195 8 3
1 170 1 5
1 217 7 14
1 143 2 4
1 23 6 12
1 246 8 8
0 156 5 2
1 59 9 11
1 125 0 6
1 79 3 3
1 128 1 5
0 113 0 2
1 109 9 8
0 2 5 2
1 46 3 6
1 212 7 12
1 25 8 4
1 84 3 2
1 255 2 3
1 84 2 2
1 253 3 12
1 258 1 4
1 277 2 1
1 8 8 9
1 122 4 2
1 95 9 14
1 156 8 6
0 157 8 8
1 15 3 5
1 120 3 8
1 200 4 2
1 52 3 12
1 274 6 5
0 58 0 7
1 58 1 5
1 177 8 8
1 143 5 3
1 109 3 1
1 217 1 3
1 46 3 8
0 279 2 1
1 204 0 4
1 15 7 1
1 234 3 11
0 127 8 3
1 179 6 13
1 109 0 11
1 198 8 6
1 96 3 9
1 143 6 7
1 72 5 3
1 52 5 3
1 177 7 4
1 298 2 4
1 124 7 6
0 12 8 2
1 50 8 1
1 221 5 1
1 281 5 2
1 254 7 13
1 57 7 1
0 208 0 8
1 246 1 5
1 128 7 6
1 58 1 4
1 198 3 2
1 46 1 1
1 136 1 1
0 5 7 10
1 113 7 11
1 143 8 2
1 120 9 1
1 156 7 8
0 121 5 1
1 204 2 3
1 217 7 13
1 131 7 12
1 234 0 8
1 66 9 12
1 128 9 15
1 16 7 7
1 176 0 7
1 176 7 4
1 224 1 2
1 198 7 7
1 84 8 9
1 114 7 1
1 52 8 2
1 122 6 8
1 120 8 2
0 260 0 12
0 13 6 4
1 21 3 3
1 106 0 9
1 294 5 2
1 13 7 8
1 46 4 2
1 176 9 1
1 277 8 3
1 66 6 7
1 16 4 2
1 8 9 4
1 56 6 13
1 32 3 10
0 256 0 12
1 224 0 9
1 79 1 3
1 26 8 1
0 6 3 5
1 200 3 3
1 179 8 10
1 57 0 2
1 57 1 5
1 170 7 7
1 56 9 4
1 56 3 6
1 147 2 3
0 187 9 3
1 72 2 4
1 50 8 4
1 143 5 1
1 177 3 7
1 2 0 8
1 2 3 8
1 25 5 3
1 16 8 3
1 6 7 13
1 156 6 6
1 109 1 4
0 194 1 2
0 295 0 5
1 289 7 5
1 128 8 4
1 8 3 1
1 224 1 2
1 224 3 6
1 246 9 12
1 177 0 1
1 170 2 1
0 166 6 11
1 52 3 7
1 262 3 7
1 26 4 2
1 294 4 2
1 157 0 11
1 58 9 14
1 96 7 14
1 57 7 13
1 279 0 2
0 19 8 7
1 176 3 10
0 55 0 11
1 113 1 3
1 143 0 9
1 2 9 12
1 2 8 6
1 24 5 2
1 56 8 4
1 225 2 1
1 21 5 2
1 225 1 4
1 59 6 10
1 274 9 6
1 50 6 4
1 122 6 8
1 170 9 9
1 227 0 2
0 201 0 11
1 82 1 5
1 217 8 4
1 79 6 3
1 17 3 7
1 95 0 4
1 170 6 10
1 195 6 13
1 147 7 3
1 58 6 8
1 52 3 1
1 253 8 3
1 120 2 4
1 246 0 3
1 56 9 4
1 57 0 11
1 121 7 10
1 72 1 5
1 194 9 5
0 104 5 3
1 13 0 8
1 8 0 12
1 143 7 12
1 8 3 4
1 66 9 15
1 55 9 13
1 195 8 4
0 138 2 1
1 147 1 1
1 277 1 2
1 114 1 5
0 85 3 12
0 37 0 3
0 148 0 5
1 122 0 13
0 175 2 4
1 274 8 3
1 198 2 1
1 143 3 2
1 138 0 10
1 148 8 9
1 13 7 10
1 26 3 7
1 109 3 11
1 260 6 1
1 217 1 1
1 148 7 3
1 96 8 10
1 262 8 7
0 108 3 1
1 201 8 2
1 254 7 10
1 194 8 3
1 15 3 10
0 235 9 7
1 52 2 2
1 120 6 1
1 221 0 12
1 17 5 3
0 150 8 10
1 234 0 11
1 127 6 7
1 298 4 1
1 258 8 6
1 253 0 1
1 96 9 10
1 6 8 4
1 179 2 4
1 297 9 2
1 279 6 10
1 5 0 1
0 178 1 3
1 109 0 2
1 279 6 5
1 246 3 3
1 138 2 1
1 15 8 2
1 161 9 7
1 201 8 9
1 17 0 10
0 240 7 7
1 108 6 5
1 79 3 2
0 69 6 1
1 166 6 9
1 21 9 12
1 124 6 7
1 69 3 3
1 26 5 1
1 198 0 4
