100 300 1000
4 15 15 3 9 8 7 12 14 3 6 11 2 4 8 4 2 3 5 11 11 7 7 4 8 5 7 2 12 13 13 11 2 2 15 12 13 7 5 4 14 2 8 7 11 10 6 14 9 6 9 14 15 3 7 3 4 15 10 3 10 15 13 11 11 2 12 4 6 14 6 13 4 11 12 11 4 13 11 7 12 7 5 12 15 10 8 14 2 8 9 5 2 11 15 7 8 15 9 8
749874 33137 133946 250126 343763 200752 677543 674546 296670 841952 816230 462170 487100 392046 30439 625274 837672 761467 912744 441640 960408 641834 141652 344164 505451 768192 499662 842614 169177 622309 710622 784005 153824 586093 640190 682379 927312 342997 291045 339562 471777 233077 591440 841536 905651 883452 264871 55596 778536 128247 614098 366390 360390 535642 321398 382953 611672 94741 280129 946675 164426 784064 308174 693759 702697 583202 379715 531830 399294 906242 955106 326272 298500 524247 711959 810197 624500 578448 107171 257988 930212 336211 127568 405152 113984 234576 516339 914523 755625 22387 933469 546861 645972 712337 434879 93946 192800 931711 923815 314205 619251 394349 792800 701457 611153 969872 236044 105884 694732 75524 754972 747066 560254 795348 773579 573334 968433 536302 14486 584180 172014 874455 133597 203368 629284 329133 490364 869676 223754 617424 557065 510500 156491 240248 797469 534001 656420 872238 607466 571596 572754 265043 36504 645997 759618 100826 240730 769997 507975 180900 485036 593898 334030 628013 395339 24050 456863 587072 944984 151970 585092 435683 392040 641867 811600 512965 815539 268119 262725 312298 621481 860876 382680 348831 455356 172534 289484 908515 308684 685212 211971 83935 25579 695149 822996 218105 797605 358295 960431 669341 233992 905410 851435 594370 185936 127687 258457 944420 575841 776379 163729 547524 48156 347712 432578 663306 963824 724721 243767 16363 125036 248988 737977 817871 299729 592576 9204 420665 184369 962715 299749 191490 814 619842 135276 233255 453421 98047 80707 185450 279676 390677 319098 842991 465918 699528 146917 803912 761450 308880 490587 882768 358242 19426 15789 572748 484274 243831 442044 159006 64993 703226 576299 276179 486245 311790 297541 460881 705776 216074 965823 850598 992913 864600 774853 486425 728582 465205 913981 316768 35030 753899 102366 315270 717002 601100 469534 746524 615251 126321 970919 13908 631673 138881 880289 572213 592247 209317 471638 398323 748837 36246 857782 710539 672522 222179 215098 127089 151365 558859
71 55 23641
75 92 61448
97 41 36349
96 69 84349
54 23 47065
63 96 58018
18 44 85550
70 84 18506
38 44 82573
54 41 49807
40 93 35948
32 49 45058
91 72 85709
40 39 829
59 36 4927
63 66 45850
4 72 59544
23 11 45884
88 15 47912
54 77 14452
0 57 10754
23 13 89458
38 46 57194
93 37 91819
2 40 86066
72 2 85634
95 79 54983
96 34 87809
58 69 74517
36 76 95423
11 91 54014
89 65 92721
70 29 29965
39 58 5867
71 38 41855
73 70 74488
54 57 62296
47 71 60242
19 29 33421
45 58 91003
52 0 79289
28 5 63124
74 11 4132
34 79 52031
11 38 40908
31 23 15365
77 99 20222
37 1 78032
98 69 78232
94 59 89956
94 84 94668
74 81 57346
25 13 63837
28 82 92170
89 47 19379
5 36 80255
3 53 15894
60 96 28685
66 85 26344
65 3 1874
0 61 73564
56 22 33740
94 4 11582
21 7 17458
75 39 6587
92 51 94119
21 22 53495
15 55 18252
68 27 52795
75 49 74846
27 78 96770
41 64 84217
12 87 50050
6 28 69136
97 35 71912
24 66 35536
48 24 71681
22 92 33580
86 39 17327
15 27 53226
33 35 67734
51 80 51997
99 26 98187
43 62 5118
16 98 80935
43 27 19393
9 56 8410
69 83 69655
10 56 85010
14 15 95496
87 29 50743
20 23 48024
25 17 13927
47 30 42510
67 76 48699
42 64 36590
64 8 80988
50 19 90529
19 90 4981
0 158 2 8
1 158 9 1
1 158 22 1
1 158 85 6
0 229 6 1
1 158 64 10
1 229 84 12
1 158 22 3
1 229 35 2
1 158 10 4
1 158 87 3
1 229 70 6
1 158 71 2
1 158 89 5
1 229 87 14
1 229 11 9
1 229 38 5
1 158 77 9
1 158 30 8
1 158 25 5
1 158 10 2
0 85 62 1
1 85 53 1
1 85 80 1
1 158 33 2
1 85 48 4
1 85 10 3
1 85 84 12
1 158 63 5
1 158 18 2
1 229 42 2
1 229 6 6
1 229 18 3
1 229 22 7
1 229 64 10
1 85 58 8
1 229 30 3
1 229 14 6
1 85 4 6
1 229 41 2
1 85 9 3
1 229 50 9
1 229 90 1
1 85 2 1
1 229 18 5
1 158 45 3
1 229 31 10
0 248 1 3
1 229 80 2
1 158 75 3
1 229 21 1
1 248 29 11
1 248 7 3
0 253 45 5
1 253 44 6
1 229 37 7
1 253 35 3
1 85 91 3
1 248 42 6
1 158 47 4
1 253 79 4
1 248 95 4
1 229 66 1
1 248 7 5
1 248 68 5
1 229 87 7
1 253 69 12
1 85 18 2
1 248 74 3
1 229 2 4
1 248 85 3
0 161 5 1
1 253 47 6
1 161 18 2
1 158 57 1
1 85 6 3
1 158 85 4
1 85 17 3
1 85 66 7
1 248 22 3
1 158 74 7
1 161 57 4
1 248 18 4
1 158 23 3
0 258 85 4
1 158 70 6
1 258 96 3
0 264 26 4
0 286 56 1
1 229 95 4
1 158 95 2
0 149 87 11
1 158 8 8
1 253 98 3
1 158 79 2
1 229 84 4
1 158 41 1
1 286 40 4
1 229 37 3
1 286 19 5
1 248 34 15
1 85 4 3
1 149 83 4
1 85 12 1
1 149 51 9
1 158 36 8
1 149 53 1
1 286 8 13
1 229 7 5
1 258 94 5
1 149 66 4
1 158 29 2
1 161 21 3
1 161 86 5
1 149 54 5
1 248 85 10
1 85 90 5
1 229 77 13
1 248 4 2
1 161 5 3
0 99 74 6
1 99 77 9
1 229 92 1
1 264 15 2
1 286 91 4
0 4 80 11
1 258 56 4
1 286 2 2
1 229 36 10
1 158 44 7
1 4 78 10
0 289 51 14
1 289 36 7
1 158 91 5
0 251 33 2
1 289 0 2
1 158 34 14
0 88 74 1
1 253 53 2
1 286 51 13
1 85 15 1
1 248 58 2
0 24 87 2
1 253 82 2
0 165 24 5
1 149 17 2
0 242 62 1
1 158 45 4
1 24 22 1
1 88 49 4
1 229 49 5
1 99 69 2
1 258 76 3
1 24 16 2
1 4 90 3
1 158 90 8
1 88 4 1
1 24 39 2
1 4 22 5
1 289 45 7
1 24 9 3
1 24 87 5
1 289 56 3
1 242 58 8
1 165 28 9
1 85 74 5
1 253 59 1
0 72 8 2
1 24 2 12
1 165 91 5
1 251 24 5
1 286 92 1
1 24 7 3
1 99 23 4
1 165 40 8
1 251 80 1
1 99 47 5
0 162 12 1
1 258 72 4
1 251 13 2
0 221 58 8
1 253 51 9
1 229 26 1
1 162 73 10
1 88 8 7
1 258 12 2
1 162 95 7
1 258 55 2
1 248 56 4
1 24 10 4
1 253 44 2
0 283 32 2
1 251 58 9
1 229 16 1
1 258 33 1
1 248 44 11
1 149 63 3
1 221 65 2
1 251 43 4
1 85 31 7
1 162 28 6
1 162 35 12
1 221 33 1
1 258 23 4
1 258 43 5
1 283 58 7
1 264 64 6
1 149 11 9
1 161 27 1
1 99 17 2
1 253 82 5
1 162 85 2
1 248 25 5
1 242 49 6
1 248 50 9
1 289 9 3
1 221 74 1
1 165 56 3
1 149 92 1
0 42 55 3
1 221 6 1
0 117 99 7
1 251 15 1
1 88 24 2
1 264 16 1
1 117 55 2
1 161 56 2
1 42 33 2
1 149 4 4
0 76 32 2
1 158 68 6
1 283 76 1
1 117 85 2
1 42 44 8
1 229 92 2
1 283 87 5
1 286 0 3
1 85 15 3
0 69 49 1
1 99 60 4
1 72 53 3
1 286 2 7
1 117 20 1
1 258 85 7
1 72 51 12
1 289 80 10
1 69 30 10
1 158 5 2
1 162 81 2
0 87 48 7
0 194 29 6
1 76 4 9
1 229 13 4
1 289 96 3
1 264 1 4
0 136 96 6
0 140 48 2
1 140 44 10
1 161 35 2
1 194 11 2
1 165 38 5
1 42 58 10
1 149 16 2
1 24 16 2
1 165 33 2
1 229 68 5
1 76 56 3
1 221 58 1
1 221 54 5
1 242 7 8
0 250 24 3
1 221 18 5
1 117 84 7
1 88 37 1
1 242 90 7
1 286 69 5
1 87 11 11
1 24 50 3
1 76 11 1
1 149 61 7
0 75 99 5
1 248 95 7
0 256 45 3
1 289 61 8
1 99 14 5
1 161 49 3
1 88 38 4
1 256 83 5
1 283 20 6
1 221 93 3
1 256 82 4
1 264 27 2
1 136 2 8
1 69 17 2
1 161 43 7
0 125 76 4
1 162 72 4
1 87 61 4
1 149 65 1
1 264 88 2
1 88 32 2
1 165 94 3
1 161 74 9
1 286 55 3
1 24 50 6
1 99 6 3
1 161 82 4
1 264 52 4
1 85 70 1
1 75 52 9
1 242 47 5
1 88 83 2
1 117 81 7
1 99 87 7
1 242 4 2
1 136 15 4
1 242 39 4
1 286 69 12
1 229 94 4
1 283 36 1
1 194 55 3
1 149 13 2
1 248 85 1
1 258 18 5
1 42 61 14
1 221 96 2
1 250 4 7
1 242 70 1
1 251 15 3
1 88 84 1
1 149 76 2
1 125 93 1
1 42 75 11
1 258 84 13
1 125 54 1
1 76 63 9
1 264 37 4
1 140 95 6
1 283 11 11
0 128 82 3
1 140 55 1
1 76 87 7
1 88 48 4
1 149 31 7
1 283 35 4
1 140 3 2
1 283 54 1
1 88 72 3
1 42 88 1
1 69 70 4
1 248 89 5
1 264 24 8
1 251 0 3
1 75 34 15
1 4 73 2
1 76 32 2
1 221 26 4
1 149 18 4
1 149 42 1
1 99 39 4
1 158 55 3
1 248 28 7
1 4 58 2
1 162 11 8
1 258 1 1
1 76 22 7
1 158 53 2
0 204 14 6
1 253 90 6
1 264 16 2
1 165 74 6
0 152 54 2
1 256 78 4
0 268 77 11
1 253 54 1
1 87 57 8
1 24 9 3
1 24 95 1
1 140 98 4
1 204 74 2
1 72 14 8
1 125 45 6
1 161 99 6
0 126 52 13
1 289 88 1
1 85 29 9
1 158 75 3
1 162 55 2
1 140 71 3
1 75 64 4
1 165 17 1
1 162 78 7
1 88 47 7
1 289 48 4
1 242 74 10
0 1 67 4
1 125 61 13
1 140 42 5
1 128 67 3
1 242 27 1
1 152 47 1
1 128 36 9
1 158 69 13
1 87 11 4
1 256 37 7
0 198 61 1
1 126 16 2
1 88 36 2
0 226 45 2
1 256 8 10
1 264 92 2
0 175 80 12
1 125 84 8
1 258 67 3
1 289 3 1
1 158 59 3
0 222 86 7
1 99 95 2
1 283 30 7
1 175 60 6
1 198 34 10
1 4 98 4
1 229 16 2
1 221 10 4
1 264 47 9
1 221 83 7
1 175 64 6
1 4 46 5
1 268 68 2
1 69 63 5
0 282 45 2
1 165 28 7
1 85 12 2
1 69 13 1
1 226 50 5
1 283 92 1
1 69 52 2
0 294 93 6
1 226 32 2
1 152 93 6
1 149 19 8
1 165 11 9
1 242 80 5
1 294 27 1
1 222 67 3
1 294 6 4
1 198 15 3
1 226 16 2
1 264 5 2
1 85 69 14
1 88 40 14
1 4 36 2
1 158 91 3
1 149 33 1
1 198 17 2
1 161 62 4
1 152 38 2
1 152 62 6
1 283 37 7
1 161 44 3
1 85 30 12
1 251 25 4
1 88 67 3
1 258 65 2
1 268 45 1
1 1 23 3
1 72 73 7
1 72 84 14
1 175 51 11
1 256 62 1
1 85 44 3
1 42 76 3
1 76 15 3
1 75 99 6
1 1 8 3
1 117 89 2
1 258 69 7
0 101 40 10
1 283 63 5
1 24 49 5
1 283 77 7
1 221 46 3
1 286 69 3
1 42 35 4
1 4 51 3
1 69 31 4
1 286 1 4
1 87 87 14
1 256 84 13
1 204 85 7
1 149 59 3
1 128 25 1
1 162 25 2
1 253 44 7
1 175 50 4
1 85 24 5
0 235 78 6
1 101 45 8
1 229 59 1
1 87 90 7
1 286 29 5
0 155 84 14
1 242 37 7
1 268 98 3
1 136 83 9
1 42 18 4
1 155 88 2
0 240 35 9
1 251 53 3
1 126 33 2
1 268 88 2
1 1 4 2
0 106 25 3
1 128 53 1
1 99 5 5
1 152 40 2
1 125 28 3
1 106 80 8
1 282 8 1
1 198 98 9
1 221 10 5
0 213 97 9
1 42 32 2
1 286 36 7
1 229 75 4
1 76 1 11
1 72 68 3
1 101 79 3
1 162 72 2
1 253 57 5
1 4 97 7
1 222 76 3
1 4 66 1
1 162 27 1
1 283 5 4
1 175 59 2
1 158 90 7
1 24 61 2
1 251 52 1
1 72 81 5
1 72 43 1
1 87 82 5
1 152 39 3
1 85 75 2
1 88 45 3
1 283 78 1
1 235 13 3
1 162 97 4
1 155 27 1
1 149 6 6
1 149 4 6
1 161 44 5
1 158 5 8
1 294 26 2
1 72 49 2
1 72 96 4
1 4 40 6
1 158 67 3
1 165 98 7
1 229 90 4
1 240 68 4
1 194 47 2
1 24 40 3
1 268 4 3
1 88 97 11
0 114 75 2
1 222 73 7
1 101 80 12
0 179 68 5
1 222 42 7
1 117 69 9
1 72 85 1
1 226 83 4
1 179 38 5
1 213 9 3
1 286 85 8
1 69 82 3
1 69 40 5
1 162 75 3
1 242 32 1
1 149 42 6
1 294 88 1
1 248 58 6
1 175 30 7
1 251 33 1
1 72 31 6
0 74 60 10
1 85 98 4
1 258 96 1
1 74 68 4
1 117 34 4
1 114 80 5
1 289 32 1
1 75 89 1
1 136 60 10
0 130 29 3
1 221 54 1
1 229 47 10
1 242 37 1
1 72 57 15
1 88 20 4
1 240 53 2
1 268 6 7
1 75 78 1
1 99 46 6
1 152 92 2
1 72 50 8
1 158 98 3
1 117 52 9
1 258 43 1
1 204 51 13
1 282 94 5
1 69 86 4
0 60 40 14
1 140 51 5
1 106 13 4
1 69 14 2
1 69 68 3
1 130 4 5
1 158 90 6
1 289 12 2
1 289 23 3
0 267 1 11
1 229 80 7
1 221 11 10
1 72 83 9
0 270 59 1
1 282 89 8
0 237 4 6
1 283 98 4
1 270 37 7
1 85 88 2
1 152 20 3
1 125 57 9
1 256 92 1
1 226 46 4
1 289 54 7
1 42 89 3
1 253 2 11
1 253 87 14
1 242 50 5
1 87 72 4
1 258 39 4
1 204 32 2
1 152 35 7
1 213 22 6
1 117 53 1
0 129 80 11
1 42 30 9
1 175 71 4
1 129 38 3
1 140 53 1
1 294 17 2
1 101 72 3
1 258 23 4
0 266 62 13
1 165 15 2
1 129 27 2
1 1 22 7
1 149 21 6
1 117 92 2
1 125 30 7
1 226 38 1
1 126 88 1
1 175 6 3
1 114 25 1
1 267 99 4
1 114 75 11
1 152 48 4
1 162 77 6
1 266 4 7
1 267 44 2
1 242 24 1
1 289 67 2
1 204 28 2
1 129 55 2
1 72 33 2
1 253 31 7
1 101 35 11
1 88 40 11
1 158 76 2
1 76 77 12
1 165 5 5
1 126 1 1
1 75 5 5
1 222 4 2
1 204 53 2
1 74 99 2
1 149 98 9
1 158 26 3
1 106 83 3
1 270 19 8
1 1 22 6
1 248 27 2
1 222 26 7
1 76 34 7
1 42 83 1
1 222 12 2
1 194 71 8
1 264 29 1
1 175 40 6
1 221 47 9
1 87 63 6
1 88 85 7
0 43 91 5
1 179 32 1
1 42 9 1
1 251 16 2
0 183 62 4
1 256 12 2
1 88 49 2
1 117 58 7
1 267 54 1
1 155 54 6
1 251 93 7
1 76 25 3
1 152 54 1
1 125 48 9
1 250 28 8
1 74 54 3
1 129 99 2
1 161 60 6
1 1 46 2
1 158 67 3
1 221 61 11
1 194 65 2
1 72 91 3
1 248 0 3
1 88 16 2
1 87 3 1
1 175 78 3
1 69 93 2
0 68 77 7
1 129 29 4
1 152 31 5
1 264 10 5
1 99 53 1
1 158 99 1
1 240 3 2
1 235 48 4
1 161 47 13
1 165 40 14
1 229 17 3
1 251 95 6
1 270 70 1
1 152 54 1
1 140 89 4
1 250 28 8
1 240 69 8
1 253 94 4
1 258 88 2
1 175 94 14
0 261 11 6
1 270 99 2
1 117 80 4
1 161 40 11
1 152 59 1
1 130 12 2
1 248 31 8
1 155 57 13
1 221 11 8
1 162 57 2
1 204 43 4
0 180 19 6
1 106 93 3
1 282 77 6
1 194 54 7
1 126 32 2
1 129 69 5
1 264 64 7
1 258 6 2
1 1 10 3
0 47 51 9
1 88 75 1
1 158 91 1
1 158 48 8
1 266 80 7
1 101 56 2
0 122 98 1
1 122 13 4
1 74 70 4
1 125 26 1
1 126 41 2
0 15 23 2
1 69 16 1
0 84 6 4
1 130 85 6
1 152 56 2
1 289 2 7
1 253 41 2
1 75 85 3
1 43 74 10
0 95 53 2
1 47 11 9
1 149 65 2
0 34 28 12
1 226 68 1
1 95 11 4
1 140 12 2
1 129 45 2
1 222 95 6
1 42 95 1
1 282 17 1
1 34 63 4
1 222 59 1
1 155 20 9
1 69 61 2
1 286 34 15
1 140 91 3
1 161 16 2
0 236 33 2
1 1 18 4
1 253 34 3
1 106 23 4
1 248 89 2
1 24 94 14
1 72 79 5
1 106 65 2
1 180 86 6
1 268 6 4
1 24 65 1
1 256 91 5
1 183 96 1
1 152 9 3
1 264 18 3
1 130 93 10
1 34 70 1
1 75 26 6
1 221 55 2
1 258 27 1
1 194 8 7
1 221 64 9
1 114 77 13
1 235 63 5
1 198 83 12
1 261 16 1
1 266 16 2
0 191 41 2
1 222 70 2
1 250 70 4
1 270 58 1
1 4 18 5
1 250 65 1
1 140 15 1
1 95 37 5
0 100 6 6
1 179 44 3
1 294 85 9
1 140 13 2
1 60 99 4
1 4 53 3
0 90 45 4
1 237 98 4
1 204 33 1
1 235 80 4
1 43 59 2
1 237 36 12
1 191 5 6
1 283 92 1
1 236 24 4
1 117 27 2
1 175 53 1
1 162 64 7
1 175 11 4
1 237 99 6
1 165 90 4
1 251 59 2
0 212 1 8
0 271 90 8
1 84 79 5
0 146 81 4
1 90 71 9
1 75 3 3
1 294 80 4
1 229 7 1
1 251 63 3
1 256 0 3
1 1 8 3
1 99 84 11
1 60 24 5
1 90 79 6
1 84 46 1
0 0 57 11
1 294 88 1
1 114 85 3
1 158 78 11
1 294 91 5
1 282 67 2
1 283 74 2
1 76 4 7
1 84 34 3
0 27 43 3
1 179 19 9
1 122 56 1
1 106 96 2
1 194 11 11
1 4 48 2
1 149 79 2
1 229 70 2
1 76 97 2
1 24 32 1
1 4 58 2
1 161 63 4
1 130 90 2
1 24 86 5
1 43 80 1
1 4 24 8
1 99 21 6
1 76 2 4
1 261 86 4
1 264 17 2
1 27 44 3
1 294 96 5
1 222 38 2
0 171 18 4
1 87 10 5
1 261 34 7
1 126 94 7
1 60 31 10
1 221 70 1
1 130 97 11
1 99 42 5
1 68 92 2
1 136 99 8
1 95 43 7
1 235 81 6
1 125 26 5
1 267 68 5
1 180 70 2
1 158 8 1
1 266 7 6
1 213 87 5
1 27 43 3
1 125 87 9
1 140 14 2
1 222 35 10
1 165 33 1
1 226 61 5
1 84 2 8
1 242 64 7
1 129 26 7
1 125 52 14
1 106 69 10
1 146 33 1
1 158 30 6
1 4 60 4
1 221 85 4
1 106 73 11
1 237 73 8
1 72 63 1
1 74 36 12
1 114 75 2
1 152 69 12
1 226 91 5
1 88 54 1
1 146 91 2
1 286 18 4
0 211 83 2
1 191 82 2
1 68 8 6
1 261 84 9
1 27 48 1
1 85 58 4
1 75 44 9
0 56 81 5
1 171 68 6
1 95 18 1
0 79 13 3
0 9 38 1
1 34 26 7
1 114 26 6
1 264 16 1
1 140 74 6
1 258 53 1
1 117 8 5
1 95 74 12
1 248 12 2
1 165 57 6
1 0 21 4
1 60 49 4
1 129 43 5
1 283 50 8
1 221 31 8
1 155 47 7
1 79 93 9
1 27 51 13
1 240 28 10
1 248 67 1
0 231 97 12
1 1 42 5
1 99 40 4
1 250 46 5
1 180 92 1
1 68 45 5
0 81 83 11
1 231 18 3
0 86 14 6
1 235 8 3
0 174 53 2
1 155 40 6
