5 100 100
9 4 4 7 3
55785 694091 390206 71924 103961 963890 762392 160780 450850 530876 949780 669074 458556 469624 47724 859722 162515 82657 517929 506732 115413 644408 626459 428032 723198 351440 215040 726766 594824 782280 440053 69909 579324 304981 628076 255885 143166 510210 452100 733256 528252 415047 137382 817310 568317 733016 828166 165596 227538 29813 157470 104253 169804 504082 729561 128613 401502 412490 9756 359528 449520 138994 189364 868507 526640 938068 877037 913160 494522 986764 377784 969933 883470 544324 35015 321578 425605 493353 111754 517375 624774 230509 619161 630829 674414 413641 998794 62811 315478 79514 895360 361931 264739 958338 8372 179177 801089 459070 364861 684495
4 0 74656
1 4 76330
1 2 2950
2 3 58239
0 12 4 3
1 12 3 3
1 12 4 3
1 12 2 2
1 12 4 3
1 12 3 1
0 81 3 1
1 12 0 1
1 12 2 3
1 81 1 2
1 12 0 8
1 12 3 6
1 12 4 3
1 12 4 3
1 12 1 3
1 81 1 1
1 12 1 4
1 12 1 1
1 81 0 6
1 12 1 3
0 23 1 3
1 12 0 2
1 12 4 2
1 12 0 9
0 56 3 2
1 23 2 3
1 12 0 9
1 56 3 4
1 56 2 2
1 23 1 2
1 81 1 1
1 23 1 4
1 12 1 1
1 56 2 4
1 12 4 1
1 56 1 2
1 12 2 2
1 23 1 2
1 23 4 3
1 23 2 1
1 23 4 3
1 81 0 7
1 12 1 1
1 81 3 7
1 56 0 9
1 81 4 1
1 56 4 2
1 81 1 4
1 12 2 2
0 50 0 4
1 81 4 1
1 12 1 3
1 56 1 3
1 23 3 3
1 12 0 1
1 81 3 3
1 23 2 1
1 12 0 2
1 81 2 4
1 81 0 1
1 56 2 4
1 12 3 5
1 81 3 4
1 81 3 1
1 56 2 2
1 50 4 1
1 56 0 6
1 56 4 3
1 81 0 7
1 23 4 2
1 23 1 3
1 81 3 7
1 56 0 3
1 56 4 2
1 56 2 1
1 50 4 2
0 8 3 5
1 56 0 2
1 23 0 1
1 81 0 5
1 50 0 7
1 12 4 1
1 8 2 2
1 81 0 7
1 23 3 5
1 23 4 1
1 81 3 5
1 12 4 1
1 8 2 2
1 23 4 3
1 50 3 2
1 23 2 2
1 56 0 5
1 12 0 4
1 23 1 2
0 2 0 2
1 2 1 2
1 2 0 5
1 8 0 1
1 2 1 2
