300 300 1000
10 10 3 8 15 4 13 7 14 10 7 6 12 14 11 2 9 3 8 2 11 7 15 10 8 12 2 6 3 8 2 2 14 4 4 9 3 14 12 15 8 6 6 8 6 9 11 12 7 15 7 8 3 5 15 8 6 8 4 9 9 3 4 5 14 9 8 12 4 7 14 11 3 9 9 13 12 15 5 10 3 3 7 10 3 9 5 5 10 6 3 5 6 15 13 6 3 13 12 14 4 14 14 4 13 13 13 4 14 2 8 14 15 15 11 6 4 9 2 10 6 7 2 15 12 4 5 2 6 3 9 2 15 12 4 8 4 8 7 7 5 6 10 15 5 15 12 4 9 3 10 14 9 13 7 8 3 10 2 7 12 5 12 5 15 6 3 12 12 4 4 3 11 4 7 3 7 10 3 2 7 2 5 12 10 4 13 9 4 12 10 2 12 10 15 2 5 5 6 3 15 11 8 13 10 10 4 9 10 2 13 3 12 9 8 7 9 10 10 5 8 10 13 14 5 7 14 15 15 13 14 14 11 6 7 5 14 11 12 5 3 8 12 3 4 13 9 8 12 7 14 15 13 9 4 9 12 7 7 12 5 9 9 3 8 9 5 8 4 7 5 7 3 12 4 13 14 9 9 5 2 6 11 2 6 11 9 11 7 10 3 7 12 4 13 12 14 6 7 10
600780 510992 673723 496438 108814 207976 785801 352264 19060 696804 898337 136856 966277 132649 141023 812260 961216 540620 391763 239576 408031 898003 822028 938478 483705 501735 144911 221511 289323 389116 108807 805153 9716 367271 828448 874119 780491 721661 707255 568057 865764 954829 570421 460483 123318 453098 499910 190696 927694 9661 380813 435861 68706 541420 949225 986891 139632 464459 57850 82015 128667 257238 285467 673951 103778 749078 222876 271577 536012 975925 748243 632119 902673 31786 488910 401509 143347 490844 931656 307006 777192 672861 809286 758428 486058 795191 678572 172588 554393 800640 995815 896943 841135 708362 410862 290660 14281 649167 627269 475916 662776 470764 383925 222249 582833 859972 695401 141296 877383 280255 435155 341916 449412 375140 906591 471110 339742 868403 242096 574081 576697 315532 448654 188363 180442 405754 62802 945035 302609 975182 395121 24725 456131 609447 828684 339370 833406 359779 566589 195713 734346 285615 211647 348401 310057 516783 237396 57148 70242 311918 429710 347150 37120 700522 406922 980660 17226 665903 279898 996858 553075 720135 454816 363700 878428 129956 528643 864005 148871 473038 406577 47020 127960 286250 639597 331945 673639 892115 229146 461889 209339 679263 649352 334575 338133 316868 742115 589444 536148 555288 795832 315968 806660 772697 963993 81499 780502 40871 137265 950978 502567 295415 999863 475624 835898 732941 238535 95651 486798 423120 218362 717392 517853 88879 679993 11930 548231 568951 794718 699324 628090 294651 917123 304340 20815 945965 297071 949528 939550 198326 890103 714929 771694 427668 690137 265488 625485 34299 183161 424697 506103 273980 320862 178924 614344 494365 77727 317883 978917 324754 590157 209606 605073 363974 893146 347015 230850 155219 932757 60143 939642 257525 620106 587273 384283 987645 140686 114249 414812 855056 144136 890954 420688 465491 885313 289876 300201 307819 608570 708152 231464 607847 386912 319320 439397 248531 5219 896105 94157 713953 449323 962935 975796 379051 50621 435975 695433 360022 438465 61899
253 14 15948
114 240 4526
174 146 43356
294 184 30006
4 249 6203
220 272 63573
251 106 98307
294 211 86434
218 17 48998
296 61 20743
220 38 57962
60 96 95840
113 94 46697
6 266 62365
32 154 95967
214 21 77025
10 66 43237
50 92 2884
234 69 8084
202 112 15512
97 267 22837
129 114 98026
270 61 99873
161 24 36669
84 121 6296
111 118 70677
209 145 14749
284 165 12386
87 47 32906
4 195 40931
149 185 27337
106 174 31564
23 48 57236
288 90 80007
67 105 40487
280 99 1873
246 182 6666
287 102 66988
104 81 45597
73 108 61668
68 105 54539
123 263 2718
193 15 59963
23 116 31325
112 3 17485
266 296 82920
288 195 68640
74 288 50059
151 241 3890
8 184 11804
28 153 83496
61 258 35790
4 299 99454
46 277 6211
146 297 48884
180 29 83203
64 243 23738
292 24 65100
17 36 74734
197 291 25812
41 30 39953
216 272 96441
37 219 62094
3 86 61845
247 98 42835
32 41 97694
187 52 95006
35 25 28398
277 164 95804
251 149 77910
2 282 59576
138 4 59877
7 221 343
114 50 62285
295 102 90870
188 172 15401
74 182 21369
57 2 61009
14 181 2831
212 139 60149
165 70 92734
93 75 30571
268 219 22441
116 134 94999
36 80 32712
194 232 44433
283 80 30201
217 158 60784
189 112 69884
84 211 36513
112 52 24674
245 204 67734
270 267 57734
291 167 74417
49 66 5188
83 268 28740
298 149 14660
206 13 9787
187 147 46689
53 2 98065
42 154 84250
216 119 93541
147 241 74518
298 183 82570
241 163 6190
125 278 41256
13 286 6503
46 84 70776
204 76 36999
25 26 17876
37 201 5851
18 152 35996
46 216 90410
84 53 93349
20 293 56456
246 278 34292
281 18 49701
66 237 44456
210 199 51101
203 4 65904
59 96 4298
223 139 37114
118 106 78429
200 249 80968
126 48 16562
262 256 92051
191 189 79929
31 126 76691
293 263 23445
216 22 17842
53 59 32383
90 121 58501
68 132 14301
284 24 4080
166 114 171
202 239 2867
293 115 43183
75 248 67776
18 228 48665
256 27 77341
247 59 22718
102 151 4235
249 95 46905
152 197 14629
64 71 70445
15 222 86771
1 34 78483
41 188 77457
277 292 27036
92 103 27352
7 109 67937
295 32 30876
148 109 82176
209 122 72995
217 222 72116
142 296 14749
24 262 42929
94 56 44344
220 82 57561
23 171 57551
69 160 60132
135 125 52441
176 135 63205
118 144 84760
247 258 6906
92 82 93615
90 148 38731
21 2 29127
99 55 67225
116 90 7061
32 124 36783
114 274 79694
128 70 53085
245 218 76200
120 251 81115
154 66 67516
15 290 12664
153 127 36328
137 226 66353
199 70 20653
2 111 53014
190 223 16777
283 136 69957
203 271 47558
77 5 69480
47 232 65440
169 285 36675
40 108 70385
180 106 36332
61 102 70568
136 66 1858
11 47 34975
286 229 96531
128 81 71200
131 254 79688
109 285 91361
160 13 31188
256 33 40893
248 158 53895
91 269 71139
89 199 71232
33 101 62369
92 37 45097
192 152 1097
14 66 99321
132 279 77075
35 226 50492
140 188 52432
104 137 49157
296 91 84429
65 201 32789
256 236 63088
38 186 95517
138 131 87215
19 236 72820
52 259 97072
276 93 73953
28 82 68258
106 39 55366
5 155 49035
15 23 1160
188 18 28128
191 62 96777
145 288 46293
140 94 4571
179 217 58319
105 8 54492
175 3 93380
175 141 5997
93 234 56454
4 273 80992
186 34 45319
263 34 98543
12 245 1321
286 117 46072
195 44 42510
43 144 41531
226 238 76717
256 255 21280
54 35 76428
62 215 33565
63 29 20546
177 298 73972
155 51 93481
64 133 25258
218 280 5926
292 168 39201
235 81 65793
243 250 18560
210 16 5078
297 232 64444
209 139 33154
23 224 97528
244 152 86275
230 33 29338
109 143 8636
231 90 93351
166 257 35687
25 9 30233
150 286 68723
217 79 89254
155 111 27217
100 86 56176
135 243 68304
80 261 2073
251 159 19094
73 82 91865
265 28 14501
208 4 82597
42 157 84902
233 288 10017
252 55 43364
107 202 80386
215 88 32525
205 133 94093
156 257 79444
146 196 63054
215 198 24773
12 289 77460
33 264 1926
132 130 4590
0 243 8264
81 85 56924
170 231 23637
45 257 42219
205 72 29636
225 101 8585
157 242 80451
58 33 71641
275 179 81191
110 53 14129
162 191 60738
278 178 94069
173 94 95055
259 78 95704
260 298 25156
227 17 45436
213 31 93308
207 55 11766
0 20 67 2
1 20 138 3
1 20 277 3
1 20 192 12
1 20 244 1
0 46 39 15
1 20 55 6
1 46 76 1
1 20 170 2
1 20 238 3
1 20 13 11
1 46 229 10
1 46 103 4
1 46 141 1
1 20 121 2
1 20 11 1
1 20 38 6
1 46 77 5
1 46 82 6
1 46 69 2
1 46 108 9
1 20 223 10
1 46 235 1
1 46 5 3
1 20 238 3
1 46 251 2
1 46 99 1
1 20 187 6
1 46 186 11
1 20 105 5
1 20 277 6
1 20 48 2
1 46 63 1
1 46 67 3
1 20 260 5
1 20 154 4
1 20 286 3
1 46 298 7
0 170 189 4
1 170 122 2
0 9 284 2
1 20 150 1
1 9 90 3
1 46 170 3
1 9 243 3
0 60 149 1
1 46 235 5
1 60 204 10
1 170 107 4
1 20 81 1
1 46 32 12
1 9 194 8
1 46 166 2
1 170 176 1
1 9 131 2
1 170 28 3
1 60 177 10
1 170 270 1
1 170 271 1
1 46 77 14
0 235 67 5
1 46 40 6
1 9 91 1
1 235 125 3
1 46 250 8
1 170 218 10
1 170 225 4
1 170 202 1
1 60 294 13
1 20 206 3
1 20 220 7
1 60 200 3
1 20 226 7
1 46 16 1
1 60 170 2
1 170 148 8
1 20 201 10
1 9 88 5
1 60 136 4
1 170 247 6
1 170 208 5
1 9 198 3
1 60 123 14
1 235 104 9
1 60 144 4
0 192 144 3
1 192 276 5
1 192 198 1
1 20 90 3
1 9 34 2
0 160 81 2
1 235 69 2
1 20 264 3
1 170 98 6
1 20 96 3
1 160 100 2
1 9 44 5
1 9 263 3
1 170 136 3
1 192 296 3
1 192 74 7
1 9 0 5
1 60 115 6
1 46 197 4
1 20 267 3
1 192 130 2
0 267 215 1
1 9 176 5
1 20 238 2
1 267 96 2
1 20 237 8
1 60 191 2
1 192 156 3
1 160 143 7
1 235 248 11
1 192 29 3
1 9 217 2
1 46 25 9
1 235 48 1
1 20 103 1
1 267 101 1
1 170 158 1
1 267 212 9
1 267 33 4
1 46 185 4
0 74 220 7
1 160 104 7
1 9 40 8
1 235 164 12
1 235 42 5
1 160 85 1
1 192 82 2
1 235 59 1
1 60 104 11
1 60 103 2
1 235 185 4
1 192 208 8
1 20 45 4
1 267 162 8
1 20 103 1
1 60 150 5
1 46 29 1
1 192 108 2
1 46 213 4
1 160 107 2
1 46 170 2
1 74 134 1
1 20 19 2
1 60 1 1
1 160 105 4
1 267 128 1
1 192 179 1
1 20 96 2
0 64 50 1
1 160 163 2
1 170 91 3
1 60 34 1
1 60 175 3
1 60 222 3
1 192 209 2
1 235 36 1
1 267 260 3
1 160 299 5
1 267 123 14
1 20 294 11
1 267 139 3
1 20 60 6
1 46 26 2
1 192 282 2
1 192 103 2
0 81 54 15
1 160 138 1
1 81 50 2
1 20 8 1
1 81 67 1
0 39 79 3
1 267 288 1
1 235 176 1
1 235 246 9
1 20 145 12
1 39 123 6
1 9 38 7
1 160 176 6
1 9 200 6
1 46 257 7
1 170 62 4
1 20 141 6
1 170 133 2
1 192 274 1
1 192 37 12
1 74 149 3
1 192 20 6
1 60 210 10
1 74 267 7
1 267 19 2
1 46 123 14
1 81 90 3
1 160 221 9
1 9 69 5
1 267 226 9
1 81 55 7
1 64 134 4
1 39 141 1
1 39 130 6
1 192 207 3
1 235 132 15
1 192 147 4
1 9 158 1
1 160 63 2
1 46 0 4
1 192 147 2
1 46 271 2
1 46 239 1
1 170 217 9
1 81 191 1
1 81 159 7
1 267 119 3
1 235 256 6
1 64 68 2
1 74 244 2
1 160 166 2
1 20 287 6
1 64 240 1
1 20 134 3
1 9 224 5
1 20 293 1
0 117 74 9
1 9 80 3
1 267 182 4
1 60 10 6
1 81 265 4
1 170 207 1
1 39 257 2
1 192 18 7
1 9 123 15
1 160 252 10
1 39 141 1
1 81 191 1
1 39 152 7
1 20 15 1
1 20 143 3
1 9 227 10
1 160 245 9
1 60 246 7
1 267 72 1
1 64 226 12
1 20 264 2
1 46 147 2
1 74 116 4
1 81 42 4
1 267 154 4
1 117 68 4
1 160 45 9
1 20 39 2
1 170 44 5
1 170 22 5
1 9 293 4
1 160 49 12
1 64 228 2
1 160 161 4
1 117 111 9
1 74 5 2
1 235 250 8
1 60 271 7
1 46 17 1
1 192 277 7
1 20 175 3
0 105 23 7
1 39 290 2
1 64 195 1
1 9 70 11
1 64 132 3
0 174 261 9
1 74 17 1
1 46 143 1
1 160 86 1
1 74 152 1
1 74 238 1
1 64 193 5
0 70 291 5
1 174 281 6
1 235 110 7
1 20 127 1
1 192 91 2
1 64 249 1
0 293 284 6
1 46 178 2
1 117 169 1
1 267 98 7
1 117 53 2
1 117 277 4
1 170 34 4
1 20 88 1
1 170 144 4
1 235 55 6
1 46 117 6
1 117 42 2
1 9 28 1
0 271 267 7
1 64 247 4
1 267 249 3
1 267 204 3
1 20 201 2
1 170 237 5
1 74 128 4
1 105 32 7
1 46 275 3
1 64 78 1
1 60 112 10
1 174 120 2
1 81 62 4
1 117 144 2
0 287 256 1
1 70 170 4
0 231 129 1
1 39 267 2
1 192 194 3
0 10 153 3
1 74 217 8
0 89 294 1
1 10 156 2
1 271 224 5
0 191 75 8
1 192 200 15
1 235 185 2
1 231 69 4
1 267 183 6
1 70 92 2
1 20 59 7
1 160 137 5
1 39 172 9
1 39 66 4
1 117 266 4
1 191 248 2
1 174 127 2
1 287 186 5
1 89 196 5
1 174 61 2
1 81 234 1
1 39 86 5
1 9 298 3
1 89 227 5
1 64 100 4
0 122 120 3
1 235 260 3
0 71 87 1
1 293 84 2
0 113 255 5
1 60 131 2
1 46 36 3
0 229 34 2
1 39 160 8
0 236 108 4
1 160 205 9
1 70 256 12
1 20 69 6
1 39 126 3
1 105 95 1
1 231 146 3
1 113 141 3
1 81 177 2
1 267 239 5
1 60 232 11
1 267 49 1
1 10 259 11
1 271 157 4
1 89 275 10
1 293 265 7
1 89 9 9
1 105 72 2
1 267 203 5
1 271 197 2
1 74 258 3
1 64 204 1
1 122 255 5
1 236 78 1
1 64 37 7
1 235 168 12
0 281 32 12
1 81 107 1
1 192 9 3
1 160 152 8
1 235 183 2
1 293 72 1
1 170 191 1
1 236 231 9
1 281 45 1
1 60 200 3
1 281 185 1
1 46 155 3
1 117 272 2
1 271 227 14
1 192 190 5
1 39 68 4
1 20 62 4
0 78 182 5
1 235 245 10
1 160 124 12
1 89 155 3
1 170 59 8
1 81 140 3
1 113 277 6
0 228 219 2
0 106 57 8
1 113 54 6
0 33 24 7
1 229 113 6
1 113 130 7
1 106 123 13
1 191 264 3
1 81 75 8
1 9 159 6
1 20 270 3
1 117 265 7
0 107 82 4
1 113 209 1
1 170 208 9
1 117 142 6
1 70 190 1
1 293 265 2
0 176 253 6
1 267 186 4
0 28 43 8
1 113 217 1
1 39 217 9
1 176 187 9
1 236 104 1
0 249 247 6
1 71 79 7
1 20 74 5
1 71 5 4
1 231 134 1
1 71 238 9
1 9 240 1
1 64 214 1
1 281 40 3
1 71 115 6
1 9 232 1
1 64 43 5
1 231 172 2
1 174 17 2
1 281 169 2
1 192 21 4
1 39 159 5
1 228 29 7
1 122 212 8
1 267 222 10
1 105 286 6
1 10 174 5
1 70 103 3
1 39 237 2
1 191 251 13
1 46 277 6
1 249 103 4
1 71 288 7
1 71 274 3
1 176 189 8
1 113 214 7
1 71 36 1
1 293 286 5
0 264 270 3
1 174 252 7
1 33 275 5
1 33 192 1
1 236 11 3
1 170 255 4
1 20 36 1
1 191 149 2
0 3 159 6
1 78 202 2
1 117 110 8
1 107 44 2
1 74 12 4
1 105 57 3
1 74 51 7
1 60 217 2
1 281 77 6
1 117 211 3
1 64 262 7
1 228 124 7
1 249 7 6
1 113 234 2
1 106 282 2
1 107 211 3
1 60 139 5
1 3 264 7
1 89 143 3
1 228 285 2
1 122 61 3
1 249 202 4
1 74 106 5
1 236 231 13
1 160 81 3
1 117 292 7
1 174 15 1
1 192 129 1
1 10 43 6
0 133 59 6
1 71 49 13
1 71 92 4
1 235 92 3
1 192 143 10
1 46 145 8
1 46 125 1
1 28 33 2
1 81 83 2
1 133 287 7
1 10 140 4
1 28 201 8
1 287 164 7
0 55 225 3
1 89 196 1
1 70 191 1
1 105 151 12
0 47 72 1
1 33 156 3
1 235 14 6
1 71 3 4
1 170 19 1
1 3 147 2
1 71 262 3
1 107 277 5
1 78 266 2
1 264 184 1
1 264 134 1
1 228 277 9
1 9 138 3
1 249 189 11
1 107 227 1
1 176 203 1
1 122 183 4
1 160 242 9
1 160 17 2
1 9 295 10
1 9 196 1
1 39 262 3
1 3 86 1
1 106 21 2
1 267 283 2
1 33 262 2
1 264 107 1
1 47 171 1
1 39 222 10
1 267 132 11
1 46 170 2
1 133 272 3
1 105 147 4
1 293 133 5
1 78 243 3
1 20 278 1
1 267 29 6
1 74 132 8
1 271 129 1
0 206 127 1
1 70 176 7
1 176 262 7
1 122 120 6
1 271 35 4
0 284 68 2
1 122 101 8
1 267 102 14
1 33 285 8
1 284 135 8
1 236 219 4
1 176 227 7
1 231 21 7
1 122 261 9
1 235 136 3
1 281 87 1
1 64 148 1
1 64 160 1
0 265 24 7
1 271 31 2
1 70 62 2
1 271 244 3
1 264 201 8
1 107 223 11
1 117 22 11
1 78 183 7
1 70 169 1
1 81 140 3
1 206 44 3
1 293 258 5
1 293 241 2
1 229 16 7
1 267 199 2
1 28 283 1
1 191 35 9
1 113 209 1
1 20 184 10
1 281 9 8
1 71 92 6
1 33 98 6
1 236 212 11
1 55 130 9
1 122 117 6
1 60 260 1
1 176 218 10
1 231 84 2
1 231 83 2
1 10 166 3
1 10 172 5
1 71 205 10
1 271 133 4
1 267 163 3
1 160 82 5
1 191 159 4
1 170 77 1
1 228 212 10
1 71 260 1
1 107 199 2
1 64 72 2
1 74 177 8
0 189 187 7
0 203 214 6
1 174 268 1
1 9 8 2
1 265 267 1
1 20 22 9
1 170 158 1
1 236 253 4
1 287 81 1
1 10 117 4
1 9 259 7
1 20 80 1
1 39 214 2
1 228 104 1
1 192 280 1
1 20 248 8
0 125 27 6
1 206 293 4
0 49 198 4
1 203 96 1
0 154 76 9
1 176 32 14
1 133 48 6
1 113 275 12
1 293 46 2
1 81 2 1
1 105 270 1
0 37 49 4
1 55 267 1
1 122 172 4
0 130 104 13
1 231 202 5
1 281 16 9
1 33 22 7
1 20 157 1
1 64 198 5
1 170 271 2
0 103 146 6
1 74 188 3
1 89 296 13
1 78 188 2
1 170 111 11
1 49 36 3
1 125 207 9
1 70 295 3
1 271 77 10
1 130 270 3
1 284 128 2
1 70 84 2
1 107 214 7
1 203 124 6
0 124 240 3
1 229 70 9
1 264 276 14
1 105 118 1
1 133 43 3
1 191 155 7
1 267 259 12
1 49 149 3
1 249 175 3
1 154 145 8
1 106 194 13
1 133 176 7
1 74 157 6
1 33 205 5
1 154 2 2
1 39 41 5
1 107 130 9
1 81 36 2
1 122 290 3
1 122 214 7
1 89 72 2
1 228 19 2
1 78 290 3
1 113 183 5
0 296 102 4
1 264 291 4
0 15 280 1
1 105 159 3
1 33 149 3
1 170 44 1
1 74 216 3
1 60 28 2
0 80 43 6
1 231 173 3
1 49 82 1
1 47 160 8
1 235 116 1
1 154 203 12
1 20 22 1
1 9 203 13
1 122 174 4
1 60 94 3
1 174 62 4
1 236 183 5
0 159 150 10
1 74 44 2
1 20 164 3
1 170 194 3
1 106 293 1
1 124 16 8
1 20 148 7
1 160 46 9
1 176 4 6
1 80 262 3
1 249 219 3
1 249 165 3
1 287 110 1
1 203 219 1
1 15 175 2
1 154 209 2
1 117 107 3
1 265 81 2
1 113 296 1
1 113 87 1
1 37 260 2
1 125 246 9
1 191 80 1
1 296 123 8
1 265 214 6
1 296 82 3
1 133 114 8
1 176 169 1
1 15 268 2
1 28 161 4
1 284 69 5
1 20 281 5
1 231 174 1
1 160 84 3
1 235 121 2
1 33 285 1
1 70 132 10
1 125 31 1
1 125 188 3
0 244 122 1
1 281 159 6
1 107 50 6
1 271 35 2
1 267 233 6
1 124 135 6
1 265 59 9
1 170 157 2
1 125 218 3
1 281 80 2
0 234 279 5
1 28 247 1
1 154 182 2
1 267 153 7
1 28 292 4
1 236 45 2
1 125 48 7
1 130 131 1
1 125 238 12
1 20 112 11
1 229 126 5
1 49 205 1
1 28 15 1
1 234 111 2
1 234 74 7
1 49 252 9
1 46 203 1
0 233 185 2
1 124 78 4
1 124 9 2
1 124 13 2
1 191 127 2
1 203 202 5
1 64 216 9
1 244 234 4
0 161 31 2
1 80 95 6
1 117 39 6
1 287 286 2
1 203 36 1
1 60 39 3
1 105 217 8
1 170 69 3
1 293 4 2
1 244 290 2
1 189 242 1
1 106 295 12
1 267 30 2
1 46 159 3
0 88 218 6
1 284 218 9
1 64 38 4
1 192 168 3
1 231 114 8
1 235 279 4
1 264 26 2
0 53 22 3
1 81 221 8
1 28 222 1
1 133 120 1
1 47 98 10
1 117 151 5
1 20 170 3
1 265 67 4
1 228 15 2
1 284 175 2
1 159 244 1
1 53 264 8
1 10 146 6
1 176 113 10
1 154 148 5
0 207 104 6
1 15 181 2
1 207 235 4
1 20 5 2
0 58 85 2
1 229 107 2
1 161 230 12
1 47 32 11
1 88 194 11
1 64 211 3
1 105 94 10
1 281 8 2
1 47 245 5
1 113 154 4
1 37 134 3
1 55 57 4
1 130 46 5
1 234 154 3
1 39 121 1
1 33 66 1
1 176 111 10
1 159 281 6
1 264 85 4
1 10 112 10
1 55 58 2
1 296 18 5
1 267 281 3
0 175 276 12
1 264 5 2
1 267 273 2
1 161 18 3
1 3 64 5
1 53 43 7
1 55 218 2
0 151 250 7
1 271 151 4
1 103 253 5
1 206 233 2
1 58 236 1
1 33 115 3
1 228 24 6
1 151 103 4
1 58 99 7
0 289 153 10
1 151 41 3
1 236 265 4
1 103 74 3
1 60 5 4
1 33 211 1
1 175 11 6
1 106 291 6
0 277 284 2
1 191 42 6
1 64 127 2
1 39 9 3
0 262 207 2
1 265 3 3
1 81 62 3
1 130 203 5
0 194 202 5
0 187 295 2
1 170 197 3
1 70 25 12
1 281 221 1
1 277 51 1
1 113 177 4
1 80 85 7
1 55 36 1
0 222 214 2
1 231 93 9
1 124 130 6
1 191 90 3
1 71 117 3
0 245 84 1
1 207 256 4
1 107 67 4
0 292 241 5
0 255 232 2
1 46 0 3
1 281 266 5
1 245 45 2
1 292 161 1
1 249 95 3
1 206 71 8
1 58 215 1
1 133 175 2
1 236 109 1
1 292 293 3
1 222 70 9
1 234 65 6
0 140 56 2
1 206 264 5
1 255 19 2
1 33 50 7
1 203 286 4
1 194 218 9
1 222 137 7
1 20 119 2
1 233 227 3
1 159 73 8
1 125 284 1
1 296 224 3
1 125 133 6
1 113 20 7
1 28 80 3
1 151 160 6
1 117 220 1
1 151 236 5
1 231 265 2
1 255 99 4
1 53 295 10
1 55 3 2
1 125 107 3
1 64 12 5
1 9 109 2
1 70 158 2
1 245 151 10
1 207 66 5
1 53 198 4
1 292 123 3
1 39 227 2
1 233 149 2
1 122 178 2
1 236 140 2
1 124 53 2
1 191 259 7
1 176 34 3
1 71 13 14
1 296 34 4
1 74 172 8
1 267 33 2
1 151 262 5
0 193 94 13
1 46 115 6
1 236 191 1
0 240 107 2
1 49 49 9
0 22 192 5
1 175 195 1
0 143 23 2
0 29 273 5
1 88 188 1
1 287 206 3
1 191 232 2
1 20 246 2
1 277 117 6
1 203 15 1
1 170 76 9
1 235 299 5
1 176 64 14
1 206 104 6
1 124 263 1
1 130 292 6
1 203 63 5
1 105 195 1
1 233 84 2
1 88 36 1
1 70 227 7
1 151 104 4
0 75 59 6
0 120 120 3
1 289 236 7
1 15 281 6
1 159 257 2
1 39 263 1
1 64 16 6
1 189 298 7
1 281 50 4
1 39 231 11
1 233 203 12
1 39 113 12
0 279 232 8
1 265 295 10
1 78 115 6
1 296 165 1
1 296 47 9
0 226 244 4
1 74 138 7
1 296 65 4
1 229 210 10
1 53 137 2
1 47 177 7
