50 300 1000
6 5 5 4 13 2 4 14 13 2 7 8 9 12 11 9 5 8 11 6 3 10 4 11 12 3 6 9 15 8 2 9 15 2 13 7 12 9 15 6 9 7 3 10 13 2 3 8 3 8
125997 977162 46203 277136 152909 216710 978145 96728 903576 868020 507883 543470 554302 630667 771405 159321 550463 238743 637570 785926 966715 419761 360274 876984 401302 457893 355132 994865 154525 602297 61048 261331 534663 39106 687389 6247 786143 287440 113502 193503 255981 755020 339093 581214 805594 244465 934012 543049 13730 4607 788237 893093 576921 948871 224510 99493 90884 772324 472760 89725 305073 300911 24149 632341 19006 473879 517881 256694 318664 306334 163377 168284 751467 705546 877838 885316 26432 735705 258818 523410 266901 625903 662450 371875 529865 832555 205743 558489 23349 737695 283805 660543 787813 456823 666115 757600 664772 721173 264642 209049 902115 265322 834345 772997 938918 777626 825673 253744 878776 284209 968901 989680 315364 347793 551434 171472 788140 34584 795069 913025 861002 50585 735502 108850 316825 50980 837819 852157 720751 139306 346361 853815 223160 934636 619770 574193 626429 838155 229443 187004 335078 746497 907813 835451 49923 694305 295468 134373 982624 178912 251935 43050 254361 697844 425771 519181 104660 335496 570299 575820 908596 891213 908497 894916 968000 878564 346263 998036 846033 151369 443511 942856 438472 365780 787854 502664 593064 958034 617124 829811 309404 534210 480406 845365 665397 42030 35093 387343 223148 292985 335278 183064 780046 268814 291201 849310 567615 364586 452475 164937 797578 336291 305232 820772 994176 210903 131115 642407 701507 940139 187876 822057 992725 904470 84642 89960 337160 34462 930671 494411 227088 384615 207507 634330 372724 681018 669761 863386 618725 764797 859023 152561 448049 386528 370284 891692 108729 812766 51550 667 15070 590781 846727 538443 434885 437934 935530 689958 962705 125604 884786 77752 706325 660008 385977 636515 555312 179968 236645 125992 586400 554400 609539 588899 668888 593773 981459 427254 430285 843180 979622 852705 721196 720654 406660 650564 437430 921754 631329 466841 375849 460557 293982 92572 925323 894063 99026 134862 400646 207628 529241 966526 649132 48361 573490 494296 356373 921815 650880 33468
47 36 64848
11 49 86967
8 29 94664
28 39 56246
28 21 94918
29 44 30424
19 9 21030
31 8 89787
8 18 34453
22 23 20631
13 7 98541
2 27 87467
11 24 20289
4 37 99611
38 17 93494
5 20 55582
38 12 27779
45 39 40273
17 42 20106
16 24 50030
7 33 17946
25 33 69980
6 34 53989
8 9 15738
44 1 81497
19 4 31658
10 7 8025
41 29 40470
28 37 21584
30 31 43347
2 20 72291
34 20 84241
2 1 11007
34 7 12635
1 0 73447
3 5 38178
12 48 38579
47 21 62721
5 46 68965
49 40 36597
1 11 19466
48 25 31693
44 15 83990
0 26 52611
14 15 79444
5 35 50763
32 31 60004
7 22 77177
42 43 15516
0 187 39 2
1 187 24 7
1 187 17 6
1 187 3 4
1 187 5 1
1 187 3 3
1 187 39 6
1 187 28 7
1 187 2 3
0 7 20 2
1 187 27 4
1 7 19 1
1 7 33 2
1 7 36 1
1 187 17 5
1 7 20 1
1 187 42 1
1 187 34 4
1 7 34 6
1 7 23 11
1 187 49 2
1 7 1 3
1 187 45 2
1 187 7 8
1 7 27 5
1 187 4 7
1 187 32 1
1 187 17 1
1 7 16 5
1 187 9 2
1 7 45 2
1 187 24 1
0 286 0 5
1 187 22 4
0 204 36 2
1 7 45 2
1 204 49 1
1 187 49 7
1 286 22 3
0 40 10 2
1 204 9 2
1 286 36 2
1 40 47 5
1 204 34 10
1 204 11 4
1 286 28 14
1 204 9 2
1 187 15 7
1 40 16 4
1 40 17 6
1 204 6 2
1 187 20 3
1 204 39 1
1 204 41 6
0 74 6 2
0 254 38 10
1 204 49 6
1 7 47 6
1 204 0 1
1 254 7 10
1 7 9 1
1 7 38 2
1 254 14 1
1 74 1 2
1 286 1 5
1 74 0 5
1 187 25 2
1 187 41 2
1 7 17 5
1 254 46 1
1 40 35 7
1 204 29 5
0 256 15 6
0 179 31 9
1 254 48 1
1 187 15 4
1 254 43 9
1 254 2 2
1 187 39 3
1 254 31 9
1 40 4 1
1 187 32 9
1 7 17 8
1 7 45 2
1 256 44 5
1 7 40 5
1 74 13 11
1 254 6 2
1 7 49 2
1 179 16 3
1 256 25 3
1 204 25 2
1 74 31 8
1 254 39 2
1 187 6 4
1 187 11 5
1 286 49 7
1 286 38 6
1 204 14 7
1 254 11 6
0 66 0 3
1 40 19 6
1 40 48 2
1 204 18 7
0 151 23 1
1 151 21 3
1 254 48 2
1 66 49 4
1 187 38 3
1 254 1 5
1 286 40 5
1 66 18 1
1 74 32 7
1 151 29 6
1 204 41 6
0 216 30 2
1 151 44 13
1 216 2 4
1 74 26 4
1 66 11 6
1 216 23 11
1 286 21 6
1 256 15 1
1 256 45 1
1 254 45 1
1 286 45 1
1 66 42 2
1 204 9 2
1 216 13 7
1 256 30 2
0 229 28 12
1 66 22 3
1 256 34 4
1 216 5 1
1 254 21 5
1 204 24 1
1 229 38 12
1 204 38 2
1 74 44 11
1 7 1 3
1 7 28 5
1 204 33 1
1 7 25 2
1 254 41 3
1 229 42 2
1 151 25 3
1 74 10 6
1 187 9 2
0 73 2 5
1 286 34 10
1 229 43 2
1 204 39 5
1 40 42 2
0 192 30 1
1 256 15 3
1 192 49 8
1 7 46 2
1 7 17 8
1 74 8 7
1 40 18 6
0 199 2 2
1 151 10 2
1 216 46 2
1 179 11 4
1 286 48 1
1 256 25 2
1 192 19 6
1 229 47 1
0 9 13 12
1 256 8 7
0 237 28 2
1 192 37 1
1 237 11 7
1 151 46 3
1 151 0 2
1 179 21 2
1 40 44 3
1 73 26 3
1 286 14 5
0 41 20 3
1 256 2 5
1 192 32 10
1 187 34 7
1 187 35 6
1 179 39 3
1 256 13 3
1 74 31 5
1 41 34 2
1 229 47 5
1 179 22 2
1 229 0 2
1 286 19 5
1 151 41 1
1 66 43 1
1 256 32 14
1 40 39 4
1 286 21 1
0 26 16 3
1 179 33 2
1 66 32 2
1 179 39 5
1 41 16 5
1 66 3 2
1 216 33 1
1 74 32 8
1 41 2 1
1 73 11 1
1 73 24 1
1 199 26 3
1 26 33 2
1 199 22 1
1 256 38 9
1 286 44 9
1 41 49 2
1 66 47 3
1 74 2 3
1 73 38 12
1 41 27 9
1 187 25 3
1 41 7 8
1 179 27 1
1 199 13 2
1 66 15 8
1 40 38 1
1 66 12 2
0 292 33 2
1 41 18 3
1 254 49 4
1 151 35 6
1 9 4 8
1 26 26 6
1 26 18 3
1 40 20 1
1 216 11 6
1 292 22 3
1 204 27 7
1 286 9 1
1 179 49 2
1 7 35 5
1 74 32 6
1 192 15 5
1 292 3 4
1 40 30 2
1 237 35 4
1 41 37 3
1 216 0 2
1 41 44 2
1 286 39 6
1 74 29 3
1 192 19 5
1 41 48 2
1 26 41 4
1 9 24 3
0 125 10 7
1 229 2 4
1 9 22 1
1 9 45 2
1 229 42 2
1 216 44 4
1 256 21 4
1 204 45 1
1 256 19 4
1 187 13 4
1 216 45 1
1 229 19 1
1 151 26 2
1 74 26 5
1 74 43 5
1 199 47 4
1 199 8 4
1 256 39 1
1 9 24 9
1 216 31 3
1 204 31 2
1 199 31 8
1 7 27 6
1 7 18 6
1 237 40 2
1 192 18 7
1 229 31 1
1 192 6 2
1 7 30 2
1 9 2 2
0 282 47 7
1 192 40 5
1 125 38 7
1 254 7 7
1 66 16 4
1 66 6 3
0 228 22 3
1 286 41 1
1 199 9 2
1 74 33 2
1 74 48 3
1 282 24 6
1 7 19 5
1 73 10 5
1 286 26 6
1 229 45 1
1 286 38 13
1 40 22 4
1 151 7 9
1 286 7 11
1 40 15 3
1 74 47 4
1 40 3 1
1 73 38 3
1 199 6 4
1 229 47 7
1 66 17 6
1 187 21 5
1 7 2 1
1 7 26 1
1 73 0 5
1 125 32 8
1 254 43 4
1 66 34 6
1 40 13 12
1 151 38 5
1 254 19 4
1 9 11 6
1 256 3 2
1 40 14 11
1 151 0 3
1 228 24 9
1 216 37 8
0 176 34 8
1 74 22 3
1 282 30 1
1 192 30 1
1 26 15 7
1 176 46 2
1 187 19 5
1 40 29 1
1 9 41 6
1 292 4 4
1 204 30 1
0 104 22 1
1 179 12 5
1 228 15 9
1 74 4 5
1 216 49 2
1 256 30 1
1 9 40 6
0 141 5 1
1 66 12 4
1 40 45 2
1 282 11 3
1 204 18 4
1 228 26 2
1 254 41 1
1 228 1 5
1 204 18 10
1 179 14 10
1 141 26 3
1 199 39 3
1 151 5 2
1 73 45 1
1 74 34 2
1 26 8 12
0 283 20 3
1 73 26 5
1 286 13 11
1 216 23 5
1 204 6 3
1 192 41 2
0 32 40 4
0 157 32 9
1 26 45 1
1 199 40 9
1 176 15 2
1 229 40 7
1 283 46 1
1 40 8 2
1 256 15 3
1 254 36 6
1 125 34 11
1 237 34 12
1 282 23 2
0 294 48 1
1 157 24 9
0 120 34 12
0 279 34 13
1 40 34 11
1 256 6 1
1 66 41 2
1 26 30 1
1 283 5 2
0 274 5 2
1 66 13 3
1 179 41 3
1 229 30 1
1 176 33 2
1 74 12 1
1 26 8 8
1 141 13 7
1 157 25 1
1 40 31 4
1 179 3 3
1 216 20 3
1 294 0 6
1 66 35 1
1 151 28 8
1 292 19 3
1 294 45 1
0 14 13 6
1 104 38 10
1 283 26 6
1 283 36 12
0 84 7 9
1 125 47 7
1 66 36 11
1 73 29 8
1 216 5 2
1 179 5 2
0 234 42 3
1 179 33 2
1 84 15 2
1 26 33 2
1 9 6 1
1 157 38 2
1 292 0 6
1 120 25 2
1 192 41 3
1 151 9 2
0 189 20 3
1 192 39 4
1 14 3 4
1 204 15 5
1 256 7 11
1 74 17 6
1 189 45 2
1 237 40 6
1 9 25 2
1 141 20 3
1 179 10 7
1 32 15 1
1 199 22 1
1 189 40 5
1 125 28 7
1 32 21 1
0 46 30 2
1 199 22 3
1 199 41 7
1 9 35 3
0 145 23 2
1 187 2 3
1 26 12 1
1 120 16 5
1 104 35 3
0 258 24 2
1 46 34 4
1 104 25 1
1 234 41 2
1 179 14 3
1 14 13 12
1 157 41 5
1 125 37 3
0 13 34 9
1 66 0 4
1 192 42 3
1 279 41 5
1 125 33 2
1 40 21 3
1 141 30 1
1 120 36 8
1 46 42 1
1 187 49 3
0 90 7 11
1 237 1 4
1 141 29 6
0 194 45 2
1 286 14 1
1 237 7 5
1 229 42 3
1 282 22 1
1 282 29 5
0 17 21 9
1 14 48 3
1 286 6 3
1 292 8 3
1 14 42 1
1 13 31 1
1 13 0 6
1 254 15 5
1 40 19 2
1 145 12 2
1 229 36 6
1 294 3 2
1 73 40 4
1 204 9 2
1 292 37 8
1 90 32 1
1 274 33 1
1 9 6 2
1 40 3 1
1 125 15 2
1 237 28 5
1 151 40 8
1 7 15 6
1 32 5 2
1 40 17 1
1 73 13 3
1 228 8 12
0 243 46 3
0 267 32 6
1 243 7 7
0 200 32 8
1 90 22 3
1 145 3 2
1 282 16 5
1 234 17 4
1 176 31 5
1 286 45 1
1 216 44 1
1 237 18 8
1 176 8 13
1 40 40 5
1 120 8 10
1 194 30 2
1 254 8 5
1 237 36 7
1 66 33 2
1 179 20 1
1 179 3 1
1 258 5 1
1 283 26 6
1 176 38 12
0 22 40 7
1 286 12 4
1 14 49 3
1 228 48 1
0 251 20 1
1 279 44 7
1 90 43 2
1 84 11 4
1 258 0 1
1 14 6 2
1 84 8 2
1 200 43 4
1 256 41 7
1 145 39 1
1 234 31 6
1 7 42 3
1 258 8 10
1 283 6 1
1 74 45 2
1 26 21 6
1 254 19 5
1 258 40 7
1 41 12 5
1 292 33 1
1 13 20 2
0 166 24 1
0 293 26 1
1 7 18 6
1 251 35 5
1 157 42 2
1 216 34 12
1 22 7 4
1 243 12 8
1 13 12 8
1 279 11 8
1 243 11 8
1 84 4 10
0 149 32 13
1 74 22 2
1 286 21 5
1 187 23 1
1 90 49 7
1 74 31 4
1 229 12 7
1 74 48 2
1 141 16 5
1 251 26 3
1 141 43 3
1 74 42 2
1 267 49 7
0 232 10 6
1 199 22 4
1 199 28 6
1 234 46 2
1 258 18 11
1 187 8 10
1 251 42 2
0 226 30 2
1 294 17 3
1 149 42 3
1 151 13 6
1 104 15 4
0 242 49 1
1 279 18 6
1 237 28 14
1 84 9 1
1 204 31 4
1 32 27 1
1 216 16 5
1 279 11 8
1 292 18 10
1 216 29 1
1 226 4 3
1 84 33 1
1 149 33 1
1 73 17 7
1 279 35 1
0 195 43 7
1 179 34 9
1 194 1 1
1 17 43 3
1 200 4 8
1 74 13 12
1 14 40 4
1 189 40 3
1 84 10 3
1 274 47 5
1 286 32 13
1 104 47 2
1 199 19 1
1 194 18 8
1 282 44 3
1 13 45 1
1 226 37 6
1 258 2 5
1 242 9 1
0 257 16 5
1 32 45 2
1 179 9 2
1 9 0 6
1 41 46 3
1 294 12 9
1 283 33 1
1 189 14 1
1 145 6 4
1 125 45 1
1 256 49 1
1 254 35 2
1 22 46 1
1 232 47 6
1 26 1 1
0 193 1 4
1 195 31 1
1 194 24 1
1 294 43 6
0 133 12 6
1 294 23 9
1 216 33 1
1 199 28 11
0 106 30 1
1 141 41 7
1 189 37 4
0 198 39 5
1 104 36 6
1 228 28 12
1 258 14 10
1 258 46 1
1 9 4 7
1 293 11 1
1 26 14 3
1 179 0 2
1 293 43 4
1 141 27 7
1 41 4 13
1 242 14 8
1 66 8 10
1 13 41 3
1 84 2 4
1 189 5 2
1 199 20 3
1 73 14 5
1 46 25 1
0 252 31 4
1 252 43 3
1 17 32 6
1 274 15 2
0 298 7 1
1 232 2 1
0 115 38 3
1 216 18 9
1 226 47 7
1 194 1 5
1 7 2 1
1 195 47 2
1 237 49 5
1 226 29 7
1 229 25 3
0 136 12 9
1 40 40 6
1 151 26 4
1 187 37 3
1 166 33 2
1 46 1 1
1 145 6 3
1 243 9 2
1 125 17 6
1 193 4 5
1 242 16 5
1 115 20 1
1 258 12 8
1 189 39 1
1 106 24 12
1 204 34 1
1 166 10 2
1 199 44 8
1 242 29 2
1 26 44 10
1 149 18 5
1 257 36 12
1 254 9 2
1 74 3 4
1 252 44 11
1 136 2 2
1 229 16 5
1 228 27 5
1 115 47 7
1 90 27 4
1 41 3 3
0 262 7 13
1 267 20 3
0 67 26 2
1 120 15 1
1 157 36 6
1 256 8 8
1 192 35 7
1 251 36 5
1 74 27 1
0 95 46 3
0 132 30 2
1 252 37 1
0 160 8 3
1 292 10 5
1 228 3 4
1 189 40 1
1 294 4 3
1 262 46 3
1 234 30 1
0 91 36 2
1 67 3 2
1 104 25 3
1 195 24 4
1 256 5 2
1 226 19 5
0 181 29 8
1 267 20 2
1 115 47 2
1 66 10 1
1 145 28 10
1 258 44 7
1 187 48 1
1 145 48 1
1 228 16 2
1 199 9 1
1 95 13 4
1 176 1 4
1 160 10 6
1 216 45 1
0 225 11 5
1 141 32 9
1 243 24 2
0 219 9 1
1 193 27 8
1 234 41 7
1 181 13 5
1 132 43 7
1 232 28 5
1 254 2 3
0 273 15 3
1 7 17 6
0 177 29 1
1 17 3 1
1 91 43 3
1 228 41 3
1 46 48 1
0 116 27 3
1 32 16 3
0 108 5 2
1 166 37 8
1 237 20 3
1 120 28 1
1 26 22 3
1 40 21 10
1 228 9 2
1 279 3 2
1 216 11 6
1 125 16 3
1 194 48 2
1 125 25 1
1 66 35 7
1 7 25 2
1 9 5 1
1 66 11 2
1 273 45 2
1 256 31 4
1 46 27 7
1 199 28 2
1 125 10 1
0 131 19 5
1 84 43 7
1 120 16 1
1 219 2 3
1 116 1 4
1 198 5 1
1 131 6 2
0 50 3 4
1 17 17 6
1 7 20 3
1 7 37 3
1 74 12 1
1 106 43 5
1 298 20 3
1 274 27 1
1 26 5 2
1 282 6 2
1 192 44 3
1 157 36 6
1 151 1 3
0 47 22 3
1 234 37 3
1 108 31 7
0 196 49 6
1 216 20 2
1 292 12 1
1 262 10 2
1 199 4 6
1 234 14 11
1 267 29 5
1 166 4 10
1 228 44 12
1 229 39 3
1 47 36 11
1 91 46 1
1 274 28 7
1 151 39 2
1 283 41 2
1 176 22 3
1 40 4 6
1 189 35 6
1 160 5 1
0 30 8 8
1 106 16 1
1 74 49 3
1 108 34 9
1 286 42 3
1 198 13 1
1 67 38 15
1 179 17 6
1 257 0 3
0 124 26 5
1 216 17 4
1 292 44 8
1 14 21 8
1 187 16 2
1 251 26 5
1 200 42 1
1 237 28 5
1 187 35 5
1 149 32 3
1 219 46 3
1 50 19 4
1 243 0 2
0 182 32 8
1 187 15 8
1 200 22 2
1 115 3 3
1 192 6 3
1 187 27 7
1 136 42 2
1 273 30 2
1 17 4 2
1 194 36 10
1 225 39 2
1 50 14 9
1 279 25 3
1 131 48 1
1 131 49 4
1 84 23 8
1 141 40 6
0 163 37 4
1 66 10 4
1 286 8 5
1 225 47 6
1 163 19 3
1 17 21 1
1 292 41 4
1 286 17 1
1 226 14 6
1 66 48 2
1 13 27 2
1 73 2 5
1 157 35 5
1 219 22 4
1 74 27 8
1 200 16 1
1 286 32 6
1 7 11 5
0 244 31 2
1 91 45 2
1 74 37 5
1 182 12 2
0 23 28 7
1 66 33 2
0 235 7 6
0 21 8 10
1 219 11 3
1 195 49 1
1 104 35 5
1 273 35 6
1 252 37 3
1 228 22 4
1 200 34 7
1 262 3 3
1 187 4 7
1 192 3 4
1 199 31 7
1 244 6 1
1 136 21 6
0 233 19 6
1 187 43 10
1 200 38 13
1 176 25 1
1 22 31 9
0 99 48 2
0 158 21 6
0 174 8 12
1 7 10 3
1 200 14 5
1 192 26 2
0 20 2 1
1 91 33 1
1 254 19 2
1 104 32 12
0 287 35 1
1 174 23 4
1 293 25 1
1 115 20 2
1 199 27 1
1 73 5 2
1 21 12 1
1 196 22 2
1 198 23 3
1 116 17 7
1 73 1 5
1 195 35 6
1 181 24 1
1 242 30 1
1 232 7 9
1 166 22 1
1 216 40 1
1 166 41 5
1 26 27 6
1 195 16 5
1 226 27 9
1 181 5 2
1 195 6 4
1 189 28 14
1 116 12 1
1 30 32 1
1 149 43 8
1 67 19 4
1 252 13 6
1 133 46 3
1 108 25 2
1 149 17 3
1 194 16 5
1 228 15 8
1 228 4 7
1 120 38 4
1 67 17 8
1 163 16 5
1 176 21 8
1 176 6 2
1 298 1 2
1 157 18 8
1 115 34 13
1 116 33 1
1 22 15 6
1 252 2 3
1 26 33 1
1 287 7 13
1 106 40 9
0 249 34 9
1 258 10 5
1 40 36 2
0 129 22 3
1 226 14 11
1 242 29 1
1 176 43 4
1 283 4 8
1 198 6 1
1 21 39 2
1 174 37 7
1 196 29 5
1 116 49 4
1 166 43 9
1 23 40 2
1 132 10 7
1 95 48 3
1 200 49 8
1 115 11 1
1 273 20 3
0 299 7 9
