5 300 1000
3 4 13 6 14
493168 126742 591566 258252 332405 232234 854335 327299 164952 891599 494991 13769 664865 609892 452372 815712 356811 712702 885401 57747 932899 558378 637697 223783 207185 413982 820519 871760 41796 453420 304291 826075 974627 286966 261777 622207 201076 300839 349945 257858 912578 376830 481829 435426 818396 660607 743536 929859 696181 276965 851860 616193 137965 349896 738217 685196 869270 67841 7310 835576 771921 634907 686951 243818 362379 392695 371625 616095 200197 850283 4179 332423 494345 611044 567868 619436 265726 18377 743000 981013 484427 895740 835132 697803 255937 267847 396843 608434 120488 563653 855682 173579 759189 550775 695214 161459 630581 617345 235421 247064 482389 412739 784704 789850 205509 417549 277783 404196 136540 928526 320970 43538 549290 647546 363123 853264 112335 787944 583710 232764 620400 546286 918739 33429 482857 582818 19637 965829 404234 914025 437468 688617 174168 583448 258735 323523 836696 297045 248974 598172 271562 149791 226768 845913 144150 277924 47296 492992 551781 243067 469104 994698 857707 529997 829261 470113 247265 256340 512633 706564 636628 407882 165235 5395 720969 425205 776770 136349 661206 663713 668277 597712 639005 873342 61798 711638 496906 148897 836889 366449 141775 88202 135497 670608 212950 303851 892511 646012 760526 962699 866295 176897 20447 269132 337896 275861 506180 344220 935260 853874 944224 205828 860509 242863 759404 653041 539138 37041 155584 479077 334009 532041 252726 132468 826705 169188 602927 68278 267055 678319 407500 49000 68238 756772 647518 990747 949157 251681 463495 710746 59443 552946 126113 120704 846146 462997 853470 345578 790828 812511 377593 161281 472404 852659 410896 495558 701711 460965 795095 758246 418806 941418 479564 134740 71448 410794 775091 497129 669729 432967 158797 567616 364684 814900 792192 890987 400383 649985 109769 976296 754221 960772 909236 34140 760860 955364 548903 191622 158582 784630 568174 626250 202062 446262 637475 804284 213971 795608 96118 599840 828970 198120 390997 170058 786314 934858 726380 148423 398202 68530
1 2 23805
3 1 36918
4 3 45301
2 0 7148
0 164 1 2
1 164 3 6
1 164 4 9
1 164 4 1
1 164 0 3
1 164 3 1
1 164 2 3
1 164 3 6
1 164 4 10
1 164 3 2
1 164 2 4
1 164 4 2
1 164 4 9
1 164 3 1
0 296 1 1
1 164 1 4
1 296 2 6
1 164 1 3
1 296 3 5
1 164 1 3
0 6 0 2
1 164 0 1
1 296 3 2
1 296 3 1
0 218 3 3
1 164 0 2
1 218 1 3
0 44 4 2
1 164 2 5
1 296 1 1
1 164 2 4
1 296 4 9
1 44 0 1
1 164 2 7
1 44 0 2
1 164 4 13
1 218 1 3
1 6 2 8
1 296 4 1
1 218 1 3
1 296 2 4
1 218 3 3
1 164 1 1
1 296 0 1
1 44 2 8
1 296 3 4
1 296 3 6
1 218 3 6
1 6 1 4
1 6 0 3
1 296 1 1
1 296 2 3
1 44 1 3
1 164 3 3
1 296 1 3
1 296 4 3
1 6 1 1
1 218 0 2
1 164 3 2
1 6 1 4
1 164 4 5
1 218 3 1
1 44 2 2
1 6 3 6
1 6 0 3
1 296 3 1
1 218 3 5
1 6 4 9
1 6 2 6
1 218 0 1
0 280 0 1
1 164 3 5
1 44 2 11
1 280 1 3
1 296 2 1
1 164 4 6
1 296 0 3
1 280 3 4
1 296 4 9
1 6 1 4
0 229 3 4
1 280 1 1
1 44 2 3
1 6 0 1
1 44 2 1
1 296 1 1
1 164 0 3
1 229 3 4
1 280 0 2
1 280 3 1
1 229 0 2
1 280 3 4
1 164 1 2
1 229 0 3
1 218 0 1
1 164 1 3
1 280 3 3
1 218 1 4
1 44 3 6
1 296 2 8
0 298 0 2
1 298 1 1
1 298 1 4
0 158 0 2
0 124 1 4
0 221 1 2
1 280 2 6
1 298 0 2
1 298 0 1
1 44 0 3
1 6 4 3
1 280 1 1
1 280 2 13
1 44 3 4
1 298 0 2
1 221 4 4
1 229 0 3
1 164 4 7
1 298 2 13
1 6 3 6
1 221 0 1
1 164 1 3
1 296 2 9
1 158 2 6
1 298 1 3
1 164 3 4
0 195 4 5
1 6 4 9
1 296 4 2
1 195 0 2
1 218 2 2
1 280 3 4
0 237 1 4
1 164 1 1
0 59 4 9
1 280 4 5
1 59 3 3
1 280 3 2
1 229 0 3
1 229 0 3
1 229 4 12
1 280 1 3
1 298 0 3
1 44 4 13
1 298 3 3
1 229 0 1
1 164 2 1
1 280 4 10
1 280 2 10
1 6 0 2
1 280 0 3
1 44 0 1
1 221 2 11
1 229 4 4
1 229 2 1
1 296 0 2
1 218 2 3
1 296 2 7
1 221 4 11
1 298 2 2
1 44 0 1
1 218 1 4
1 298 4 5
0 116 4 9
1 218 1 3
0 235 1 4
1 116 0 2
1 59 0 3
1 195 4 1
1 116 0 1
1 195 3 1
1 237 3 4
1 235 2 9
1 298 4 12
1 6 0 1
1 237 2 4
1 237 4 7
1 195 4 5
1 235 3 1
1 124 0 1
1 221 2 12
1 280 1 1
1 6 4 2
1 280 4 14
1 116 4 9
1 124 1 2
1 237 4 2
1 6 2 6
1 235 1 1
1 296 3 6
1 296 0 2
1 218 3 2
1 44 4 11
1 124 4 3
1 124 1 1
1 44 1 4
1 6 0 3
1 218 3 2
1 164 2 5
1 221 2 6
1 124 1 3
1 235 1 4
1 298 0 2
1 44 2 4
1 298 0 2
1 59 3 6
1 124 1 1
1 164 0 3
1 44 3 4
1 235 2 10
1 221 0 3
1 158 0 3
1 237 3 2
1 158 2 8
1 218 3 1
1 218 3 5
1 6 4 8
1 221 4 11
1 44 1 1
1 116 1 1
1 6 4 9
1 221 4 13
1 164 3 1
1 221 0 1
1 195 2 2
1 59 3 5
1 280 0 2
1 229 2 5
1 221 1 4
1 221 2 8
1 221 2 13
0 81 3 6
1 124 3 6
1 124 1 4
1 218 4 1
1 81 0 1
1 81 4 3
1 81 4 3
1 218 2 9
1 44 2 12
1 6 3 5
1 221 0 3
1 44 3 4
1 235 1 1
1 237 4 8
1 124 1 4
1 280 3 6
1 124 0 3
1 221 1 4
1 195 0 2
1 164 3 6
1 81 3 6
1 237 0 2
1 59 0 1
1 298 2 10
1 44 2 11
0 240 0 3
1 158 4 3
1 6 1 1
1 240 4 6
1 235 4 3
1 6 3 4
1 221 3 3
1 59 3 1
1 298 1 2
1 44 3 5
1 164 2 5
1 59 3 1
0 253 2 3
1 124 2 11
1 237 1 1
1 116 2 11
1 298 4 13
1 229 2 10
1 218 1 1
1 298 0 2
1 235 0 3
1 298 1 3
1 158 0 3
1 124 1 1
1 44 1 1
1 44 2 8
1 229 3 1
1 158 4 8
1 81 4 2
1 235 2 11
1 221 2 1
1 195 0 3
1 81 3 6
0 153 2 2
1 81 0 1
1 296 2 10
1 298 2 1
1 280 4 3
0 99 3 2
0 179 1 4
1 124 0 1
1 44 3 2
1 221 4 6
1 237 2 7
0 233 2 11
1 158 1 1
1 116 3 6
1 59 2 1
1 99 4 1
1 235 2 4
1 195 4 2
1 296 1 1
1 296 2 3
1 195 0 3
1 124 4 2
1 164 3 1
1 164 3 3
1 116 1 4
1 298 4 7
1 218 4 3
1 179 1 3
1 6 3 3
1 237 4 3
1 229 2 2
1 179 0 2
1 218 4 5
1 164 4 3
1 235 3 6
1 280 2 12
1 164 2 10
0 28 1 2
0 234 4 6
1 6 1 4
0 38 3 4
1 179 4 13
1 124 4 14
0 129 1 2
0 26 0 3
1 280 4 6
1 253 3 3
1 124 3 3
1 38 0 3
1 221 3 1
1 99 3 5
1 26 1 2
1 153 4 13
1 6 4 7
1 298 1 1
1 153 0 2
1 229 2 2
1 221 2 11
1 235 4 4
1 229 2 2
1 253 1 4
1 280 0 3
1 26 2 4
1 233 3 1
1 158 1 2
1 253 3 4
1 237 3 1
0 71 3 3
1 129 4 2
1 59 1 3
0 276 4 8
1 28 3 3
1 298 2 5
1 26 2 10
1 38 2 8
1 99 2 13
1 129 1 4
1 28 3 2
1 237 3 6
1 221 1 3
1 218 1 4
1 280 1 3
1 233 4 11
1 6 4 8
1 179 2 8
1 276 0 2
1 28 3 3
1 235 0 2
0 215 3 6
1 28 0 2
0 76 2 5
1 38 4 13
1 234 3 4
1 28 4 14
1 76 0 2
1 76 3 4
1 28 1 4
1 229 4 10
1 253 3 5
1 215 4 14
1 233 3 3
1 44 2 13
1 153 2 12
1 153 4 3
1 81 2 6
1 129 4 6
1 26 3 4
1 76 4 12
1 153 1 4
1 235 3 6
1 276 4 2
1 234 3 1
1 116 0 3
1 71 3 3
1 124 4 7
1 81 4 9
1 26 4 14
1 280 4 3
1 76 1 4
1 229 4 3
1 129 2 6
1 99 0 1
1 240 0 2
1 44 0 1
1 240 3 3
1 221 0 2
1 124 2 5
1 280 0 2
1 298 3 3
1 233 1 4
1 179 4 2
1 215 3 4
1 235 4 8
1 158 1 4
1 240 1 1
1 229 4 6
1 153 4 3
1 116 2 8
1 81 0 1
1 215 2 5
1 276 4 9
1 234 3 4
1 276 4 2
0 4 3 5
1 298 1 2
1 99 3 5
1 276 4 8
1 195 3 3
1 81 2 9
1 233 3 3
1 28 0 2
1 6 2 1
1 276 3 3
1 179 1 3
1 280 2 1
0 29 0 2
1 235 2 8
1 28 4 4
1 153 3 6
1 280 1 1
1 6 2 8
1 237 3 4
1 26 0 2
1 71 3 5
1 116 0 2
0 224 2 1
1 276 4 8
1 240 0 2
1 116 3 5
1 233 0 1
1 28 2 9
1 234 1 4
1 99 3 2
1 116 2 5
1 253 4 1
1 218 3 4
1 4 4 3
1 229 3 6
1 224 2 7
1 195 4 12
1 229 1 4
1 280 4 5
0 299 1 3
1 59 4 7
1 237 2 13
1 76 2 6
1 240 1 4
0 123 4 2
1 195 2 6
1 298 2 6
1 26 1 1
1 26 2 4
1 28 1 1
1 215 2 8
1 76 0 1
1 164 3 1
1 81 2 12
1 28 0 1
0 121 2 11
0 50 4 3
1 81 1 4
1 195 4 3
1 38 3 3
1 81 1 3
1 215 3 1
1 38 2 9
1 71 3 2
1 235 3 4
1 29 1 2
1 235 4 13
1 59 4 4
1 44 0 3
1 81 2 6
1 234 4 12
1 121 1 1
0 66 1 3
1 235 0 1
1 234 3 2
1 121 3 2
1 26 1 1
1 253 4 12
1 123 3 6
1 44 2 4
1 229 2 1
1 26 4 1
0 274 2 7
1 224 3 3
0 241 3 5
1 164 4 7
1 234 4 14
1 158 3 1
1 218 4 9
1 296 3 6
1 129 3 4
1 237 0 2
1 158 2 7
1 218 4 5
1 76 1 1
1 121 0 2
1 123 4 5
0 180 2 13
1 215 4 6
1 280 2 2
1 215 3 3
1 29 2 1
1 221 2 10
0 268 2 9
1 234 2 1
1 280 0 3
1 38 4 13
1 50 2 6
1 268 1 3
1 50 2 12
1 76 2 8
1 44 1 2
1 129 4 1
1 240 4 13
1 76 4 7
0 152 4 5
1 253 1 2
0 109 2 2
1 29 2 1
1 153 3 4
1 158 3 1
1 235 2 11
1 179 2 4
1 121 3 5
1 240 4 1
1 235 4 8
1 298 0 1
1 99 1 2
1 76 4 14
1 124 3 2
1 298 4 7
1 224 4 1
1 76 3 5
1 81 1 1
1 218 0 1
1 218 0 3
1 124 0 1
0 92 4 8
1 50 2 7
1 241 2 6
1 235 4 14
1 274 3 3
1 124 4 5
1 92 0 3
1 59 3 1
1 116 1 3
1 81 3 6
1 268 3 4
0 156 2 9
1 253 4 3
1 121 3 6
1 235 3 5
1 152 2 7
1 253 2 13
1 221 4 9
1 152 1 3
1 218 4 2
1 164 4 13
1 240 4 4
1 59 0 3
1 215 3 5
1 215 1 1
1 109 3 4
1 116 3 2
1 76 4 4
1 129 1 3
1 179 2 13
1 124 4 5
1 123 2 2
1 253 1 4
1 50 3 6
1 59 4 8
1 276 0 1
1 180 2 9
1 233 4 1
1 38 0 3
0 144 2 8
1 237 4 1
1 234 0 2
0 87 2 3
0 79 2 3
0 105 2 11
1 38 4 14
1 274 4 8
1 29 3 4
1 66 4 13
1 241 1 1
1 59 4 5
1 215 2 10
1 268 1 1
1 234 2 2
1 296 3 4
1 268 3 2
0 219 2 1
1 92 0 1
1 76 2 5
1 6 2 6
1 280 1 1
0 118 4 4
1 158 4 1
1 118 0 1
1 38 0 1
1 44 3 2
1 71 2 3
1 224 2 11
1 76 1 3
1 240 4 2
1 299 0 2
0 55 4 8
1 235 4 11
1 121 3 3
1 276 4 8
1 237 3 5
1 92 1 2
1 219 3 2
1 55 0 2
1 28 4 10
1 268 0 1
1 234 2 10
1 116 4 9
1 66 0 3
1 4 3 3
1 129 2 4
1 129 2 5
1 224 2 4
1 105 3 1
1 123 4 14
1 6 2 4
1 109 4 3
1 6 1 2
1 153 2 7
1 71 3 6
1 274 3 4
1 118 2 2
1 26 0 1
1 195 4 2
1 219 2 3
1 81 4 8
1 66 2 2
1 116 0 2
1 218 2 10
1 276 4 4
1 299 2 5
1 219 0 1
0 64 2 1
1 229 2 7
0 41 2 12
1 280 4 1
0 283 4 9
1 224 1 1
1 123 3 3
1 64 4 12
1 195 3 3
1 71 2 5
1 26 2 11
1 195 0 1
1 87 2 13
1 129 4 5
1 180 4 10
1 28 2 10
1 240 2 9
1 241 3 5
1 276 1 4
1 218 4 8
1 99 3 2
1 296 4 6
1 41 1 3
1 158 3 4
1 55 4 6
1 71 2 6
0 125 2 10
1 229 0 1
1 219 2 8
1 156 2 7
1 109 2 10
1 118 2 10
1 164 0 2
1 59 4 5
1 50 2 10
1 153 3 3
1 156 4 4
1 234 4 3
1 280 4 5
1 158 4 11
1 79 3 1
1 152 4 12
1 221 2 2
1 129 4 9
1 219 4 5
1 64 2 1
1 296 2 5
1 105 4 6
1 81 2 10
1 81 3 6
1 153 4 5
1 66 3 2
1 234 1 3
1 153 4 13
1 215 2 1
1 215 4 7
1 79 4 13
0 36 3 5
1 79 4 10
1 195 2 12
1 218 4 7
1 29 2 10
1 79 3 2
1 123 4 11
1 283 2 7
1 237 3 1
1 224 3 5
1 55 1 2
1 156 0 3
1 92 4 9
1 195 2 3
1 6 1 4
1 296 2 11
1 219 4 1
1 121 2 9
1 66 1 4
1 153 2 8
1 280 3 5
1 283 2 13
1 92 4 5
1 280 2 6
1 221 4 5
0 140 3 1
1 71 3 6
1 41 2 5
0 258 1 2
1 76 4 9
1 156 2 8
1 296 4 1
1 296 0 2
1 234 4 3
1 229 4 10
0 142 1 2
1 59 0 2
1 298 1 3
1 28 2 6
1 233 4 14
1 109 4 10
1 219 4 11
1 268 2 11
1 152 2 13
1 121 2 12
1 258 2 9
1 219 0 1
1 268 2 6
1 109 2 6
1 299 2 6
1 215 4 11
1 64 4 9
1 234 4 9
1 6 2 11
0 77 4 4
1 274 2 4
1 123 4 12
1 229 1 2
0 62 4 7
1 253 1 2
1 253 3 3
1 158 4 8
1 140 2 1
1 283 4 6
1 218 4 9
1 219 2 12
1 116 2 11
1 268 0 2
1 235 2 5
0 262 4 4
1 274 3 5
1 125 2 13
1 92 0 1
0 289 1 4
1 262 4 13
1 229 2 1
0 284 4 6
1 144 4 7
1 41 1 4
1 129 1 4
1 180 4 12
1 268 2 5
1 240 2 6
0 173 0 1
1 179 2 11
1 59 4 6
1 66 4 11
1 105 2 4
1 125 1 4
1 218 0 1
0 1 4 9
1 129 2 12
1 105 1 2
1 64 4 1
1 258 2 9
1 218 4 1
1 258 0 3
1 173 2 1
1 28 0 1
1 71 4 10
1 219 3 3
1 41 2 5
1 4 2 6
1 77 2 8
0 97 1 1
1 41 3 4
1 64 4 4
1 144 4 2
1 280 4 6
1 173 4 2
0 57 2 6
1 180 4 14
1 258 2 9
1 28 4 3
1 229 0 1
1 218 0 2
1 77 2 1
1 140 4 11
1 44 4 2
1 6 2 7
1 118 2 12
1 224 2 9
1 1 3 2
1 87 2 9
1 1 4 14
1 240 3 1
1 62 2 1
1 81 3 4
1 44 3 4
1 99 2 8
1 280 4 9
0 61 2 12
1 142 3 2
0 272 4 1
1 26 4 6
0 214 1 3
1 81 4 3
1 274 4 13
1 66 2 7
1 237 3 4
1 284 3 1
1 64 4 1
1 258 4 3
1 280 2 11
1 140 3 5
1 276 4 13
1 57 1 3
1 215 4 8
1 71 2 13
1 274 4 10
1 224 4 10
1 215 2 7
1 153 4 13
1 144 2 9
1 105 4 7
1 215 1 3
1 235 2 10
1 262 4 11
1 240 2 13
1 221 4 6
1 38 4 11
1 289 3 4
1 44 4 13
1 99 4 11
1 224 0 2
1 272 3 1
1 235 1 3
0 90 4 12
0 160 4 9
0 244 4 4
1 92 2 13
1 116 0 2
1 173 2 6
1 214 4 14
1 6 2 10
1 116 1 2
1 1 0 1
1 41 2 11
1 28 3 6
1 164 4 13
1 218 0 3
1 105 0 1
0 103 4 2
1 50 4 14
1 179 2 3
1 92 2 7
1 103 2 8
1 233 4 6
1 66 4 3
1 274 2 5
1 229 4 11
1 284 0 1
1 164 3 6
1 221 4 13
1 1 4 14
1 97 0 1
1 195 1 1
1 6 2 8
1 173 2 13
1 156 2 11
1 121 2 11
1 6 2 13
1 38 2 1
1 124 4 2
1 144 4 7
1 92 2 13
1 234 2 10
1 284 4 8
1 179 0 3
1 180 2 1
1 224 4 8
1 274 0 2
1 153 2 9
1 76 4 9
1 244 4 4
1 71 4 5
1 235 2 5
1 237 1 2
1 81 3 1
1 125 4 14
1 160 1 4
1 215 4 8
1 296 1 3
1 180 0 1
1 144 2 11
1 158 4 12
1 103 4 4
1 92 2 13
1 57 2 10
1 71 1 2
1 215 4 10
1 173 4 14
1 44 2 7
1 38 4 9
1 81 2 5
1 240 3 2
1 258 2 7
1 76 4 12
1 164 4 9
1 280 3 1
1 50 2 9
1 41 4 7
1 66 2 6
1 215 4 1
1 36 4 1
1 64 3 1
1 195 4 4
1 253 1 1
1 81 3 4
1 179 2 11
1 299 0 3
1 276 2 1
1 4 4 5
1 71 2 4
1 276 1 1
1 215 2 4
1 6 4 9
1 144 2 11
1 28 2 13
1 224 3 3
1 92 4 1
1 258 2 2
1 195 2 5
1 129 4 13
1 79 2 9
1 66 3 1
1 144 2 10
