5 300 1000
15 10 12 10 3
172768 645510 440245 607741 783220 329202 5752 280264 899218 51397 293543 275202 807430 88344 387906 313405 12472 458316 784608 641575 726449 310932 70098 288149 827838 127024 584628 909667 11944 684296 569462 747801 774038 724231 544630 895901 327638 480126 713351 689889 650324 13907 401244 413541 611909 65483 463023 916989 39067 773885 746407 618168 658498 700606 713031 369634 435269 500861 334150 23425 392765 861011 816489 55054 516539 995392 675320 613762 188688 497186 589938 676775 73778 459270 872148 88799 137242 102899 171560 255136 449561 691361 255642 623986 565025 871621 594707 786511 546869 844175 234531 69095 466269 695845 91289 105113 791825 185288 757184 591235 881462 707347 65211 918725 400875 708554 655604 543143 998839 807214 220519 769669 188018 717810 452563 271887 400049 713479 126462 126332 942973 567355 207701 680881 350919 538799 837410 371892 38030 544012 777745 244531 669878 847748 42414 298679 737593 407148 288605 803117 632586 538784 846011 778386 643092 562160 726140 618081 871524 864106 138349 241291 674877 787688 774084 892795 496526 962092 903586 402397 736880 111708 51131 105543 47295 436605 571024 477562 82672 149440 787699 671928 209771 550382 451518 382422 57320 183482 649130 458523 503355 906383 170235 451858 68002 4564 678871 615357 375989 361125 928549 86145 451227 972608 868056 890914 652629 906394 653944 173803 616779 346400 399868 411263 116937 711263 348141 974255 476124 26317 528234 384607 886839 858798 546703 243110 137994 32012 945576 330984 101993 707089 778400 583123 575387 131580 603054 586682 81455 485683 841454 615980 920420 940978 825077 483123 784846 744355 684861 472449 616274 593088 696804 42377 840476 633706 687380 331503 759418 415831 307830 522400 496651 233816 659268 171325 69997 140848 680738 811769 932700 717832 35631 104545 307890 424118 116992 357355 18195 680833 713021 464978 21291 933467 61803 728229 672640 317733 573739 992325 922835 192129 592411 507056 153888 815168 87547 101185 543055 573027 241004 509621 15345 653694 672531 384886 528590 637445 56374 352028
3 0 61715
1 3 34823
3 2 95438
0 4 35016
0 290 2 11
0 182 4 3
0 238 4 1
1 238 0 3
0 214 3 9
1 182 3 3
1 238 3 8
0 116 2 5
1 116 3 6
0 47 3 9
1 214 0 2
1 47 1 1
1 238 0 15
0 129 2 9
1 116 2 6
0 24 2 1
1 24 1 4
1 182 2 7
2 0 31074455
0 135 4 3
0 186 1 8
0 139 1 3
4 53466205
0 59 3 10
1 59 3 4
0 180 2 12
0 223 1 3
1 116 1 3
0 216 4 2
0 240 1 5
1 24 1 3
1 182 1 1
0 291 1 4
0 288 0 11
0 157 3 7
0 81 1 7
0 103 3 4
0 292 3 6
0 108 0 13
2 1 68547404
0 22 2 7
0 164 1 6
0 178 3 3
0 17 3 2
4 112341374
0 224 2 1
0 249 1 5
0 277 0 14
0 114 0 11
1 224 0 10
0 110 3 1
1 178 2 5
0 131 1 6
0 141 2 4
1 164 4 3
0 44 0 7
0 260 2 2
1 180 4 1
1 141 0 5
1 260 2 12
0 264 1 6
2 2 112667945
4 153057489
2 1 235113562
1 17 0 10
0 105 2 5
0 72 4 3
0 28 4 3
1 17 3 1
1 292 0 6
0 73 1 4
0 244 2 3
1 288 0 8
1 244 0 5
1 180 0 11
0 297 4 2
1 135 1 2
1 44 1 1
0 280 3 3
0 130 4 3
0 173 2 8
0 149 2 5
0 169 3 4
0 221 0 8
1 105 1 4
0 83 1 9
0 77 2 12
0 262 0 7
0 12 3 7
0 132 0 5
0 148 0 13
1 164 1 3
0 36 1 8
4 245014593
0 290 1 2
0 188 0 10
0 253 2 7
0 192 1 4
0 48 2 8
0 140 2 8
1 224 2 2
1 83 3 3
1 17 0 14
0 197 3 1
1 224 0 4
0 138 2 3
1 73 0 3
0 92 2 11
2 2 259910721
1 17 0 13
0 89 0 7
0 152 0 11
1 89 1 3
1 280 4 2
0 43 2 1
0 167 3 10
1 188 0 11
0 263 0 13
2 0 310840909
0 40 3 5
0 51 3 7
4 331135719
0 269 3 6
1 36 1 2
0 8 2 3
1 105 3 1
0 206 2 6
0 188 0 14
2 4 418426652
0 292 1 3
1 290 1 4
1 269 2 3
1 269 3 4
0 277 0 15
4 430285254
1 12 1 1
0 56 0 15
0 158 3 1
1 188 4 3
2 2 475477814
1 83 1 8
0 233 3 1
0 84 1 4
1 164 3 4
4 505895529
0 238 3 7
0 182 0 4
0 31 4 2
1 51 0 3
1 51 4 2
1 169 3 2
0 207 0 11
0 181 1 7
1 105 1 8
1 167 3 8
1 169 4 1
0 216 4 1
1 182 3 3
0 48 3 9
1 51 4 1
0 29 3 1
0 246 4 3
0 97 1 2
0 98 1 9
1 158 2 4
1 59 3 1
0 124 2 12
0 120 0 4
0 4 1 6
0 229 0 6
0 61 1 6
0 223 3 5
0 270 0 2
1 97 3 1
0 13 2 10
0 73 3 7
1 4 1 8
1 229 1 8
0 94 1 1
2 3 524914970
1 181 1 10
0 212 3 9
0 190 1 8
0 226 3 4
1 188 3 7
0 15 0 14
1 51 2 4
0 151 1 8
1 31 4 1
1 120 0 2
0 57 4 2
0 278 0 11
0 1 2 6
0 91 3 2
0 150 0 3
0 141 4 2
0 69 0 12
0 200 3 4
2 0 599306659
0 77 2 3
1 91 0 6
0 41 1 4
1 158 0 3
0 258 2 9
0 243 3 7
2 0 616419937
1 290 2 11
0 119 1 3
0 62 0 12
0 76 2 8
2 1 654977132
0 279 3 7
0 102 3 9
1 102 0 7
0 156 2 4
0 125 1 1
4 692304134
0 206 3 8
1 76 2 1
0 131 1 7
0 41 2 5
0 182 3 7
0 97 0 15
0 197 3 4
0 23 1 9
1 141 2 6
0 71 0 1
0 209 1 6
0 234 3 3
0 261 0 4
0 118 0 8
1 169 1 1
0 32 4 3
2 4 764005320
0 194 2 2
2 0 827155860
0 148 2 3
0 185 2 8
0 44 3 10
1 258 1 5
0 241 1 10
2 1 840097221
2 3 903199991
0 214 1 4
0 293 2 12
0 58 1 5
1 1 1 9
1 58 1 4
1 141 4 2
2 2 948997987
0 282 0 8
0 201 1 8
0 42 2 1
2 2 975494649
0 232 4 2
0 157 3 6
0 285 4 3
0 227 2 3
0 252 4 1
2 3 1039028129
0 122 0 2
0 186 3 10
1 58 2 5
0 81 1 7
1 58 0 9
0 69 4 2
0 223 4 3
0 4 2 7
0 59 2 5
0 175 1 3
0 250 3 2
0 263 1 7
0 92 1 3
0 135 1 2
1 223 2 6
1 252 1 8
4 1135804471
2 0 1149202641
1 252 2 7
0 121 1 6
0 248 3 4
0 109 2 6
0 183 4 1
1 232 3 3
0 176 4 3
0 36 4 3
0 256 2 1
0 273 1 4
1 273 3 3
0 51 2 5
1 175 3 3
0 145 3 8
1 145 3 5
1 36 0 6
0 157 1 6
0 35 1 6
1 69 3 2
0 14 4 3
0 269 1 4
1 232 4 2
0 210 0 14
0 198 1 2
1 250 1 7
0 182 2 6
0 164 0 8
1 141 3 3
0 46 2 3
1 35 1 7
0 98 0 10
0 40 4 2
1 145 3 4
1 35 1 4
1 81 1 2
0 117 0 1
1 98 3 3
0 39 3 3
0 42 2 6
0 283 1 8
1 263 2 2
1 135 0 3
0 11 3 2
4 1182047267
0 195 2 3
1 263 3 6
0 287 3 4
2 0 1238249160
4 1301200003
0 168 1 2
1 227 0 13
0 76 2 3
1 256 2 2
0 148 0 2
1 1 3 2
1 51 1 2
1 92 3 4
0 221 0 2
0 47 3 2
0 217 3 1
1 157 1 5
1 176 3 3
2 2 1312987584
2 3 1359958816
1 285 0 1
0 78 3 7
0 87 0 11
0 284 1 6
1 81 1 7
2 4 1419662026
0 184 1 3
0 122 3 8
0 226 2 5
0 85 4 3
0 261 2 2
0 107 2 4
0 103 2 10
0 74 2 7
0 126 1 3
0 72 0 14
1 221 1 9
0 88 3 5
0 243 3 3
1 87 3 8
0 215 2 11
1 126 3 9
1 198 4 2
0 246 3 5
0 247 0 6
0 259 0 4
0 140 4 3
1 121 2 10
0 20 3 7
0 174 3 1
0 233 3 10
0 253 4 1
2 3 1484220328
0 45 1 2
2 0 1503231840
0 282 3 5
0 125 0 3
0 224 3 7
0 272 4 2
0 82 4 1
1 282 0 7
1 140 3 10
2 0 1549129198
4 1609711911
0 257 3 8
1 157 3 1
0 7 3 6
1 221 3 9
1 257 4 2
1 272 0 6
0 50 1 5
0 72 2 6
1 35 4 3
1 224 1 4
1 157 2 4
1 7 0 11
1 157 1 10
0 212 2 12
1 103 0 9
0 98 1 10
1 226 3 2
0 20 0 2
0 62 3 10
1 62 2 3
1 168 3 5
0 219 3 5
0 141 0 10
0 29 3 9
0 42 3 3
0 232 2 9
0 12 2 5
0 285 3 4
2 1 1621918841
0 203 2 4
0 105 1 9
1 62 1 5
0 15 1 8
0 147 3 1
0 117 3 1
1 272 1 3
4 1696607814
0 165 1 7
0 78 3 8
0 10 3 7
0 95 2 1
1 105 2 10
1 29 2 3
0 120 0 8
0 128 2 7
1 12 1 9
2 1 1723283546
1 215 1 1
1 198 2 3
0 27 1 4
1 117 4 1
1 20 3 8
0 138 1 6
0 255 0 8
4 1807567367
1 141 3 2
0 199 2 9
1 120 3 2
1 203 3 7
0 173 0 7
0 252 1 2
0 271 0 6
0 169 0 3
0 31 0 1
0 263 3 9
0 132 1 9
0 12 0 14
0 289 1 9
1 203 1 9
1 35 1 8
2 0 1837169281
0 202 3 5
0 4 4 1
2 2 1843580396
1 215 1 2
2 3 1906539371
1 257 0 5
0 116 1 2
1 82 2 11
1 132 4 3
0 146 3 10
2 0 1976270760
1 289 4 3
0 134 3 2
1 215 1 8
1 138 3 5
1 85 0 15
0 53 0 14
2 2 2060045286
0 217 1 1
0 25 2 10
0 192 0 3
0 94 4 2
1 217 3 2
0 291 0 5
0 256 2 9
0 276 1 2
0 76 0 13
1 117 1 1
0 108 4 3
0 43 2 2
1 203 3 7
1 256 0 10
0 247 0 10
0 231 2 4
0 184 2 6
0 194 0 10
0 179 3 6
1 253 3 5
1 231 1 9
0 242 4 2
0 131 0 4
0 113 3 5
1 146 0 2
0 109 0 13
0 278 2 7
0 229 2 3
0 67 0 14
0 32 1 10
0 220 0 13
1 113 3 2
0 284 3 3
0 125 2 6
0 222 1 4
1 32 1 1
0 209 0 1
4 2096360248
1 131 1 5
0 282 0 1
0 236 1 1
2 3 2142150490
0 73 2 12
0 241 2 10
1 108 3 5
1 132 1 5
0 11 0 1
1 276 3 9
0 129 1 1
4 2155946388
2 0 2239872853
2 2 2265080267
0 44 1 9
1 215 2 9
2 4 2304560635
0 75 4 2
0 91 2 5
1 117 1 6
1 32 2 6
0 70 1 2
1 276 2 12
0 157 2 10
0 14 0 12
0 77 0 10
1 35 2 3
1 231 3 6
0 148 4 1
0 26 3 1
0 78 2 3
4 2392599304
1 32 2 11
1 215 3 6
0 149 0 13
0 249 0 15
1 78 0 1
0 169 3 9
1 78 1 9
0 233 3 3
0 51 1 6
0 154 1 1
0 145 3 9
0 46 2 5
0 186 0 6
0 180 0 5
0 133 0 7
1 231 0 13
0 185 4 1
0 286 3 6
0 118 3 6
1 75 1 7
1 27 3 3
1 169 4 3
1 129 0 1
1 236 2 9
0 283 2 2
1 157 4 1
0 48 2 9
0 137 4 1
1 116 2 8
0 34 1 5
0 261 3 9
0 165 4 2
0 17 2 4
2 1 2478903894
0 197 2 5
1 261 2 9
0 277 3 5
2 0 2578226702
1 116 0 3
0 217 0 6
1 35 0 7
4 2636741256
1 48 0 10
1 145 0 14
0 57 0 8
0 1 1 1
0 151 0 12
1 46 0 1
1 48 3 10
0 143 1 1
0 93 2 2
1 169 0 12
1 118 0 2
0 178 4 2
0 210 3 10
0 174 1 4
0 155 2 9
1 165 0 15
1 143 3 6
1 26 4 2
1 277 0 10
0 140 3 5
0 272 3 10
0 146 2 3
0 70 0 6
2 1 2678848949
4 2714532248
0 58 2 12
1 210 3 5
0 82 3 3
1 210 3 7
1 140 3 7
1 157 0 7
0 13 0 7
0 102 2 3
0 55 0 13
0 235 0 1
1 46 1 1
0 181 2 1
0 223 1 4
0 249 4 2
0 10 2 7
0 77 2 1
1 145 0 15
1 249 1 6
0 40 3 8
1 82 3 5
0 186 0 2
1 148 2 6
0 188 1 2
0 120 0 1
0 190 1 7
1 261 1 10
1 40 4 3
0 100 2 3
1 217 3 7
1 190 3 8
2 0 2792730363
0 274 1 6
2 1 2807833818
4 2900711453
0 142 2 5
0 258 3 10
0 43 0 1
0 112 2 1
1 197 4 1
2 0 2993214392
0 202 3 3
1 112 3 1
0 228 0 2
4 3043813859
0 22 2 12
0 29 2 3
0 122 2 8
1 210 2 10
0 107 2 7
0 7 3 7
0 73 2 4
0 36 2 4
1 181 0 3
0 290 3 2
2 2 3124471923
1 286 0 3
0 257 3 7
0 98 2 10
0 262 1 7
0 289 3 6
0 193 3 2
0 218 0 15
1 137 2 2
0 173 3 1
1 143 1 5
0 161 0 15
2 1 3132813732
0 244 1 10
0 189 4 3
4 3157646503
0 44 3 8
1 257 2 9
0 259 0 3
1 197 2 12
0 166 0 15
1 190 0 8
0 242 1 7
0 253 3 5
2 4 3212495230
1 258 3 6
0 69 2 6
0 234 2 4
4 3245780847
2 2 3308891104
0 214 0 3
0 231 2 3
1 108 1 9
0 185 2 10
0 1 2 11
0 276 1 5
1 82 1 9
0 2 4 2
0 168 4 1
1 202 1 10
0 146 1 10
0 73 1 8
1 73 3 5
1 228 1 4
1 276 1 1
0 58 0 2
0 160 4 3
0 120 0 4
2 3 3399871873
4 3489962533
0 121 2 5
0 174 2 3
1 82 2 1
0 164 2 3
1 82 1 8
1 164 4 2
0 184 0 14
0 35 1 3
1 184 3 10
0 152 0 12
1 276 0 14
0 267 1 8
2 0 3568196620
1 184 0 5
0 173 4 3
1 164 4 1
0 271 1 7
0 98 2 12
0 262 2 6
1 108 1 7
1 231 2 4
1 35 1 7
0 289 1 7
0 17 0 1
0 132 2 6
0 87 1 2
0 205 3 2
0 186 0 11
0 9 1 3
1 184 3 3
0 299 4 3
1 267 0 10
1 184 0 2
0 274 1 6
0 248 2 11
4 3625797275
0 104 3 10
1 244 3 1
1 262 2 12
0 50 3 5
0 229 3 1
0 91 3 10
0 254 2 3
1 87 0 2
0 290 0 13
2 2 3696826119
0 80 3 6
0 49 0 13
1 164 2 7
0 147 1 7
0 117 3 8
1 168 4 2
0 125 3 9
1 50 2 1
0 18 3 5
0 115 2 3
1 229 3 10
0 39 0 8
0 131 1 3
0 92 4 1
0 178 3 9
1 229 0 13
0 194 3 1
4 3740968244
0 64 2 4
1 178 3 8
0 90 0 15
1 91 3 3
1 82 1 4
1 229 1 1
0 155 1 6
0 171 0 1
1 115 1 3
0 53 1 9
0 217 0 15
0 75 3 2
0 284 2 4
1 171 2 6
0 84 0 10
0 37 2 9
0 252 3 9
0 196 1 10
0 109 1 7
0 182 3 7
0 280 0 10
0 214 3 5
0 121 3 10
0 26 2 1
2 3 3789376284
0 110 2 9
0 114 3 2
0 32 1 7
1 53 3 9
0 54 1 7
0 149 0 8
1 26 2 7
0 269 2 11
0 72 0 1
0 181 2 1
4 3849428947
0 273 0 6
1 17 2 11
0 162 2 3
0 247 2 1
0 161 3 3
0 83 0 5
1 37 2 9
1 284 2 12
1 217 2 2
0 57 2 10
1 82 0 15
0 220 0 7
1 35 1 8
1 171 2 12
1 284 3 2
1 280 0 2
0 143 1 8
0 41 3 3
0 205 0 9
1 220 2 12
0 169 3 1
0 266 3 8
1 202 0 9
0 215 2 2
0 104 1 10
0 19 2 11
0 287 2 5
0 180 3 8
0 275 0 12
0 182 3 4
0 24 2 7
2 2 3851438572
0 204 0 12
0 40 0 10
0 235 0 11
0 144 3 9
0 150 2 9
1 186 3 8
1 267 3 10
0 282 3 1
0 129 3 10
0 1 0 8
0 122 0 12
0 81 0 4
4 3863870458
0 212 3 5
2 3 3927123943
0 256 3 7
1 109 3 6
0 106 1 8
0 19 0 8
0 119 2 11
1 131 3 4
0 190 3 1
0 166 2 2
4 3940962793
0 255 2 11
1 143 1 9
1 83 0 2
0 117 3 4
1 190 2 7
0 152 3 7
0 178 1 4
1 235 2 2
1 39 0 2
1 82 2 11
1 274 2 1
1 82 0 9
1 229 2 2
1 90 2 2
1 143 1 8
1 2 2 1
0 142 0 12
0 91 3 7
0 18 0 6
0 279 3 6
2 3 4032370548
4 4062410561
0 65 0 14
1 18 3 5
0 73 2 5
0 268 4 2
0 27 3 6
0 192 3 9
1 289 2 4
0 22 3 6
1 83 1 10
1 22 1 10
0 48 0 10
0 287 3 3
2 0 4063999724
0 29 2 10
0 74 0 8
0 156 1 4
4 4132697136
0 38 0 2
0 292 2 7
2 0 4215840910
1 119 0 15
0 175 2 9
0 112 3 10
0 170 2 6
1 271 2 4
1 156 1 9
0 165 3 2
0 259 2 5
0 145 3 3
1 165 1 1
2 0 4297524919
1 156 0 14
1 115 3 7
0 131 0 8
0 125 3 3
0 239 3 9
0 109 0 8
1 9 2 3
1 145 2 4
0 221 3 1
0 230 1 9
1 131 1 4
0 182 0 3
0 89 3 6
0 174 1 9
0 69 0 6
0 37 3 6
0 15 0 13
1 22 2 8
0 52 1 3
1 2 0 10
1 108 0 10
0 127 2 3
0 169 1 4
0 252 2 7
1 182 2 11
0 254 0 15
1 125 3 9
1 230 2 12
1 90 1 2
0 97 2 5
0 193 0 9
0 100 0 14
0 129 3 5
0 34 2 10
0 194 3 10
0 1 0 4
4 4322457212
0 188 3 10
1 255 0 5
0 44 2 8
0 267 0 4
1 32 0 8
0 60 3 7
0 226 0 6
1 169 1 8
1 83 3 9
1 235 3 5
0 199 3 8
2 1 4332587051
0 244 3 9
1 287 0 8
4 4392158937
0 200 1 1
1 60 2 7
1 199 3 8
1 226 3 1
1 145 1 5
0 204 2 10
0 286 0 1
0 43 3 10
0 16 3 10
1 226 0 12
0 276 1 1
0 288 1 2
1 292 3 8
0 162 2 8
0 55 0 15
0 237 1 7
0 81 0 2
1 18 1 7
1 287 0 13
0 212 1 4
0 285 3 7
1 44 1 1
1 173 0 12
