10 300 1000
8 5 8 13 3 7 6 14 8 8
35838 413586 190784 791036 325575 644155 860469 582992 681400 308193 517205 579016 540869 949120 825770 111684 973235 901116 17407 580335 107009 401215 10512 63672 614618 80545 824142 353019 624756 745213 442931 379684 559746 348307 195349 16809 799791 627928 95865 897016 218083 513182 577883 549398 505909 263023 582899 864329 594383 165248 142981 883154 359466 393159 593460 746563 45190 10841 950556 39975 865514 581843 537143 859466 897956 658352 426401 724679 467071 837280 782072 73135 515641 803614 792179 150832 132543 278572 740600 591188 109188 164199 821446 163602 256536 342223 960125 41156 336560 863168 751218 349120 256308 958390 744261 971833 914744 269159 358707 940566 51046 113220 738568 980497 556942 341503 275972 743323 442333 753401 259426 658544 694156 170971 658093 247818 283535 306717 946869 965417 554216 251056 509280 207072 303723 54301 546529 249814 690760 149882 228845 794529 11995 102532 442255 539846 12861 573138 439635 92529 736240 72142 651169 309417 547518 285074 279006 310763 376173 407587 29968 382387 22141 206003 18156 631806 340992 276415 505498 803352 127766 999283 822183 102850 653033 20304 694417 41383 733631 862341 83518 926122 394115 326200 947030 185919 879990 430943 547259 621604 378170 45153 794798 323470 858777 301558 829097 792741 190821 672953 190778 438862 781122 396452 112969 652459 990922 139543 162426 714606 345897 169268 589820 560216 165367 494854 109206 763469 63600 129636 434449 680428 865123 698603 288159 870037 613692 599445 496315 5602 776990 627409 841549 513487 418740 353406 487933 109560 27478 188419 403743 817823 447325 211096 405147 335053 235982 157206 358115 187333 275828 288083 748876 450389 622789 307522 824279 619992 30450 186102 585978 945769 751857 534386 753761 532403 104145 508935 815527 633917 853908 785489 485512 548810 945404 638478 59005 635529 826704 12840 173054 617307 866133 293747 84813 76039 580681 58606 709272 198463 905593 212682 688221 743462 45626 646444 600207 61506 779721 447560 950215 316205 880868 164365 133798 264456 773537 291579 345749 664210
9 5 15324
3 0 33448
1 2 31576
6 7 76404
1 6 63680
2 5 83988
9 8 10523
3 6 20070
4 9 33218
0 272 4 3
0 170 0 7
0 199 7 1
0 23 6 4
0 88 5 1
0 203 9 6
0 214 9 1
1 23 6 1
1 88 0 6
0 105 7 8
1 199 4 3
0 240 5 6
0 188 1 5
1 88 5 7
2 0 7797739
0 275 6 3
0 101 7 10
0 28 7 12
0 94 0 6
0 126 4 1
0 162 6 2
1 88 0 3
0 110 6 4
1 188 7 1
1 203 9 1
0 261 5 4
0 146 6 6
1 28 4 2
1 126 0 8
0 238 3 1
1 162 5 7
1 94 1 2
1 23 3 9
0 25 9 6
1 214 5 3
2 4 107128111
4 182391760
0 53 3 6
0 226 9 8
0 114 4 2
0 50 9 5
0 43 0 2
1 162 8 3
1 94 2 2
0 204 5 5
0 19 0 3
1 50 7 8
0 242 5 1
0 70 3 8
1 94 6 5
0 153 9 8
1 105 8 6
0 207 7 7
0 34 7 3
0 284 1 5
0 246 2 6
0 159 2 4
0 65 6 5
0 251 9 4
1 19 7 13
1 226 6 1
0 292 5 3
0 228 6 2
0 158 6 1
0 157 6 6
2 4 205165713
0 89 8 2
0 120 9 7
2 8 254399916
0 85 1 4
0 26 8 2
0 11 4 2
0 294 3 7
1 284 0 6
0 80 3 3
1 23 8 6
0 239 4 3
0 72 2 7
0 225 1 2
0 227 5 3
1 204 9 8
4 310025117
2 1 325600610
0 105 5 7
0 44 2 1
0 59 0 1
1 214 4 2
0 253 3 11
0 42 2 3
0 62 5 2
4 369656415
0 13 1 3
0 107 8 6
0 229 2 2
2 1 463584252
0 173 9 3
1 59 4 1
0 194 0 6
0 27 8 3
1 43 3 3
4 539984072
0 265 8 3
0 56 0 1
0 51 6 3
0 299 7 7
1 50 0 6
1 207 3 7
0 90 4 2
0 7 9 4
0 95 2 8
1 59 7 9
1 70 7 12
0 77 9 7
0 224 4 2
1 292 4 3
0 162 3 7
1 56 3 12
0 104 6 4
0 296 3 4
0 100 3 4
1 253 0 7
0 9 2 1
0 150 5 2
0 297 5 2
1 294 1 5
0 116 1 2
1 95 9 6
0 125 7 5
1 27 7 9
0 98 0 1
1 7 6 1
2 8 585219758
0 71 1 5
0 213 2 2
1 153 9 1
0 86 7 11
4 644784354
0 99 2 6
0 171 5 5
1 88 7 9
1 171 8 5
0 76 7 9
1 76 8 8
0 83 0 8
0 181 0 8
0 169 1 3
0 58 8 2
1 207 8 1
1 173 3 4
0 254 5 7
0 298 0 4
1 88 1 2
0 257 7 3
0 222 8 1
0 223 2 2
1 254 5 4
0 283 9 6
1 99 7 3
1 294 9 5
1 254 1 3
0 285 2 8
1 94 5 1
0 97 5 4
1 98 7 8
0 84 3 6
1 194 0 5
0 218 8 8
0 244 0 6
0 78 5 2
1 43 1 5
1 51 0 5
1 294 6 6
0 119 9 5
0 20 0 8
0 205 7 9
0 117 9 7
0 177 8 3
0 290 0 1
0 30 8 3
0 152 7 5
0 26 9 7
1 253 2 1
1 76 7 5
0 183 9 2
1 116 8 8
1 153 9 8
1 30 7 1
1 240 2 3
0 139 8 5
1 224 2 7
0 33 6 2
1 238 3 12
0 289 5 3
1 152 8 2
0 199 4 2
1 298 5 4
0 89 9 4
1 222 2 7
0 179 1 5
1 94 9 2
1 223 1 3
1 98 8 8
0 279 3 8
1 7 9 1
0 148 1 2
1 290 8 6
1 100 8 5
1 95 0 8
0 259 0 5
1 257 7 5
1 150 7 4
0 230 8 1
0 221 1 5
2 6 719720363
1 181 6 4
4 773080160
0 219 0 2
1 221 3 9
0 146 3 7
2 4 857129583
1 285 4 3
0 60 8 1
0 18 0 5
0 295 0 1
0 57 4 2
0 211 4 3
0 225 6 5
0 41 2 6
1 205 3 8
1 100 8 3
0 266 0 6
0 55 9 2
0 247 0 4
1 204 2 7
1 95 4 2
0 113 7 4
1 98 2 3
2 1 931285602
0 79 6 4
0 156 7 7
4 1012099872
1 240 2 6
0 268 9 8
1 84 1 2
0 199 6 2
0 239 8 4
1 100 5 5
2 5 1018622860
0 129 5 5
1 9 1 5
0 226 0 5
0 234 5 3
4 1064605740
1 283 4 3
0 241 9 8
1 20 6 1
1 30 8 6
0 96 1 1
0 236 6 2
0 21 6 4
0 144 8 1
1 222 7 14
1 44 1 1
1 188 7 6
1 153 7 5
0 114 9 6
0 254 8 2
0 40 4 1
1 246 2 4
0 111 1 2
0 136 5 5
0 179 3 13
1 79 2 4
0 287 7 7
1 111 2 1
0 61 0 1
0 180 3 13
0 267 0 2
1 111 5 4
0 39 7 2
1 153 1 1
0 148 7 4
0 166 2 2
0 35 1 3
1 72 7 7
2 1 1089377119
0 47 3 5
0 134 2 2
0 265 5 4
0 64 7 9
4 1162876492
0 102 3 9
0 141 1 1
1 205 5 2
1 98 2 5
1 244 6 2
0 292 5 6
1 205 5 2
0 214 1 3
1 102 2 5
0 223 8 2
1 18 6 2
0 191 0 1
0 196 6 4
0 216 1 3
0 112 1 5
1 226 6 2
1 21 1 5
0 130 7 12
1 101 1 4
0 235 0 2
1 53 1 2
1 27 0 5
0 209 1 3
2 9 1225811434
1 191 7 7
0 256 6 1
0 172 1 4
0 263 2 1
0 121 9 2
0 232 7 12
0 96 7 4
0 78 0 5
0 103 3 5
0 24 6 5
0 193 5 2
4 1238085380
2 8 1239611744
0 182 5 5
1 111 9 8
1 61 8 4
1 224 6 3
1 57 2 6
0 52 1 3
0 202 5 3
1 225 3 6
0 158 4 1
0 271 7 5
0 258 0 8
1 225 6 2
1 150 5 4
0 128 5 5
1 216 3 10
0 262 8 4
0 85 9 3
2 4 1290973889
1 156 3 8
0 275 5 5
0 197 8 2
0 210 4 3
0 0 3 10
1 199 5 4
0 23 4 2
1 129 9 7
0 137 1 3
1 240 8 1
4 1387151817
0 294 3 5
1 19 6 4
0 133 9 3
1 172 4 3
1 41 1 2
0 124 9 3
0 178 5 6
1 72 5 2
0 36 2 2
0 6 4 2
0 242 3 8
0 106 7 10
0 211 9 3
0 170 2 7
0 49 3 8
0 217 4 1
0 268 3 1
0 95 4 2
1 191 7 10
1 178 7 8
0 68 3 4
0 1 7 8
0 185 3 11
0 7 3 13
0 291 8 4
1 50 7 12
0 201 0 6
0 212 7 3
0 233 9 3
1 257 8 6
0 264 7 5
2 7 1473299103
0 132 8 1
2 6 1482415308
0 274 3 1
1 296 8 6
0 280 9 3
1 279 7 12
0 116 5 5
0 237 9 5
0 290 8 6
1 129 6 4
1 259 9 7
0 252 0 2
0 138 3 1
0 44 9 8
0 45 8 3
0 135 8 3
0 94 6 5
1 235 8 2
0 183 0 1
1 214 3 10
0 139 1 5
1 279 6 2
0 200 9 2
0 227 8 5
0 147 3 12
0 286 7 5
0 165 8 6
2 8 1499284497
1 200 8 5
0 273 9 8
1 274 3 10
1 156 7 11
1 6 9 6
0 31 3 11
0 142 6 4
0 71 3 3
0 89 4 2
4 1537234301
1 246 9 5
0 70 7 3
0 118 2 2
1 47 9 8
0 22 6 6
0 161 8 1
1 221 6 5
0 296 3 6
1 217 8 8
0 281 9 3
1 7 8 6
1 294 7 6
0 177 4 1
1 179 3 9
0 97 3 5
1 139 6 5
0 9 6 4
1 263 1 2
0 282 2 4
0 13 7 6
1 27 7 5
0 11 3 6
1 42 8 2
0 109 6 6
1 263 0 7
0 164 3 8
0 269 8 1
0 226 7 5
1 234 8 8
0 155 2 6
0 250 5 6
0 105 1 1
0 38 8 7
0 165 8 8
1 274 6 1
0 143 3 8
1 183 7 2
1 282 8 5
1 213 0 1
1 219 7 8
1 263 8 6
1 281 2 1
0 29 0 1
2 5 1549982311
0 241 9 8
0 225 2 4
4 1638869241
0 54 0 7
1 194 7 9
0 215 8 3
0 293 0 3
1 121 7 6
0 232 5 5
1 234 7 5
0 140 9 3
0 72 5 7
0 127 7 2
1 229 8 5
1 7 5 3
0 250 6 3
0 99 5 3
0 236 8 1
2 9 1640511280
0 228 9 4
0 96 2 8
0 245 9 7
1 180 6 3
1 79 5 6
2 1 1642033373
0 297 5 3
1 201 9 3
0 110 2 8
0 264 5 4
1 268 9 4
1 36 0 3
1 13 7 6
0 149 9 1
0 182 2 3
1 109 9 2
1 179 6 1
2 5 1688459818
0 3 3 13
0 287 5 5
0 17 1 2
0 48 5 1
0 206 5 2
0 299 1 1
0 43 5 2
4 1760140527
1 49 3 8
0 108 1 5
0 28 8 5
2 6 1824808031
0 63 7 9
1 155 3 8
0 197 5 3
4 1830381126
0 7 7 10
0 35 7 9
2 4 1928968726
1 200 1 4
0 188 5 6
0 203 7 10
0 117 3 12
1 83 1 2
2 1 2024398486
0 157 7 13
2 9 2112109071
0 171 5 2
0 248 7 4
0 111 7 4
1 282 7 6
0 76 0 3
1 217 9 3
1 238 1 2
1 214 9 6
0 211 3 2
0 261 1 1
1 121 3 9
0 92 1 1
0 129 9 1
0 193 1 5
0 174 2 7
1 170 1 4
2 2 2146815551
0 131 7 13
1 183 9 3
0 101 8 7
0 74 9 8
0 67 6 6
0 2 6 6
0 135 7 6
0 69 1 4
0 18 2 1
1 293 8 1
1 226 6 2
0 59 4 3
0 237 2 2
0 196 7 12
1 35 0 2
4 2182169731
0 118 2 5
1 147 6 4
0 195 1 1
0 246 1 3
1 48 6 2
0 189 8 3
2 8 2255909130
0 280 5 4
0 15 3 6
0 95 4 1
1 74 7 3
0 297 9 8
0 224 6 2
0 299 9 6
1 54 2 8
1 117 4 1
0 250 8 1
1 173 8 4
1 155 3 10
0 1 8 5
0 251 6 4
0 182 4 3
1 36 8 7
0 96 0 8
0 184 0 4
1 203 5 6
4 2256252799
0 44 1 2
0 84 2 1
0 235 9 4
0 190 8 3
1 217 7 3
0 94 1 1
0 112 8 2
1 197 4 1
1 297 6 1
0 167 2 7
0 101 4 2
1 59 5 2
1 44 7 1
0 120 8 6
4 2323185792
1 13 8 7
0 181 4 3
0 232 8 2
1 120 2 4
2 8 2384355049
1 296 1 2
0 116 3 4
0 199 7 3
0 187 6 1
0 160 6 6
0 25 5 4
0 123 8 4
1 54 2 5
0 158 9 8
0 200 8 4
0 16 7 11
0 218 7 14
4 2476715320
0 61 3 3
1 181 8 3
0 273 9 4
0 91 2 5
1 61 5 2
1 127 9 8
2 5 2492259879
0 154 2 4
0 255 7 2
0 66 5 7
0 227 7 13
1 219 4 1
0 231 9 8
1 273 5 5
0 17 5 2
1 0 3 12
0 161 5 5
0 177 8 4
0 270 6 6
2 0 2569567128
0 262 0 2
1 121 3 4
2 1 2656734589
0 230 2 4
1 218 1 1
0 122 8 8
0 125 8 8
1 270 6 6
0 64 2 8
0 137 1 1
0 33 2 6
0 149 7 10
4 2718219922
1 282 1 1
0 43 2 2
0 259 7 3
1 43 0 7
0 6 9 1
0 108 5 1
0 119 2 5
2 9 2791134568
0 208 0 4
0 59 6 1
1 56 7 12
1 121 9 4
0 223 5 5
2 3 2835001010
1 16 8 4
0 285 2 4
0 81 5 4
0 253 2 3
0 173 3 11
1 297 9 8
0 21 3 6
0 244 3 5
1 70 2 1
1 262 9 4
0 191 6 2
0 280 8 5
0 90 9 8
0 171 7 4
0 283 9 6
1 273 3 13
1 262 0 7
0 152 8 6
1 111 7 6
0 263 1 3
1 283 7 5
1 253 8 7
4 2838873029
0 58 9 4
0 179 3 7
1 273 5 7
0 22 0 3
0 168 3 10
0 235 5 5
1 230 9 1
1 223 9 8
2 3 2884237102
2 2 2908395860
0 103 3 2
1 218 9 6
0 85 9 5
0 260 1 5
0 94 8 2
0 281 9 4
1 227 7 6
0 12 3 9
0 275 5 5
0 93 3 9
0 204 1 3
0 78 5 6
0 34 7 8
0 292 8 7
0 193 1 2
0 277 3 2
0 287 5 4
4 3000040264
0 106 5 7
0 151 3 8
1 177 2 2
0 144 1 5
0 168 5 7
0 19 7 3
1 149 9 4
0 206 0 8
0 274 1 1
1 7 1 1
1 44 3 11
1 111 9 5
1 208 2 3
0 154 8 5
0 55 7 6
1 297 8 7
1 106 0 4
0 195 8 6
1 12 5 6
0 220 1 4
1 103 8 8
0 57 8 4
1 223 5 5
0 64 5 5
1 253 7 10
0 146 9 8
0 39 2 3
0 68 2 1
1 85 7 2
0 222 8 5
1 122 3 6
0 240 8 6
0 109 9 5
1 152 3 1
1 146 3 11
0 265 3 9
0 9 0 1
1 171 0 2
1 260 9 3
0 284 3 8
0 201 2 8
0 243 3 2
1 283 9 7
0 88 1 5
0 179 8 5
0 70 9 4
0 176 7 7
0 53 0 2
0 153 3 5
0 104 2 8
0 46 9 5
1 144 0 1
0 180 0 2
1 46 0 2
1 284 0 5
0 198 7 11
0 278 0 3
1 85 1 4
0 289 7 9
1 27 3 6
0 285 3 4
1 191 0 1
0 162 0 2
0 51 2 5
0 128 2 4
1 187 7 13
0 261 2 5
1 200 3 10
0 241 2 7
0 69 6 6
1 7 2 8
2 5 3046674184
0 295 1 2
1 230 0 6
1 19 9 1
1 153 8 1
1 217 3 3
0 52 3 9
0 32 9 7
1 125 9 2
0 242 6 2
1 70 8 3
1 146 5 7
0 129 5 6
0 155 2 7
2 1 3105863016
0 279 2 2
0 203 3 2
0 163 1 3
0 165 3 2
1 196 5 4
0 100 3 2
0 23 5 4
4 3200694030
2 3 3206782929
2 7 3289282140
0 130 7 3
0 137 5 5
2 8 3340004574
1 226 5 6
0 97 5 2
0 211 2 7
1 241 5 1
2 6 3371724043
0 214 6 6
1 226 9 7
0 120 3 6
0 161 1 3
2 6 3460108910
0 49 3 13
0 10 1 1
0 298 8 3
0 132 3 2
0 107 7 12
2 5 3468574485
0 113 3 8
4 3517101000
0 48 7 7
0 244 6 3
2 8 3542534056
0 86 8 4
0 270 7 13
0 81 2 6
0 258 3 12
0 276 3 3
1 197 6 6
4 3608638214
0 28 5 5
1 58 2 1
0 296 6 4
1 180 6 1
0 26 1 5
1 39 7 9
0 141 7 9
1 28 5 2
1 19 4 2
0 63 5 1
0 154 6 4
1 284 5 5
0 222 8 2
0 214 8 7
0 34 1 4
0 252 5 1
0 29 8 1
0 289 1 4
1 155 0 4
0 166 8 2
0 16 6 2
0 216 2 4
0 268 8 3
0 221 2 6
0 288 1 3
0 55 9 7
0 213 6 5
0 131 5 4
0 181 0 5
0 14 8 6
0 44 1 1
1 244 8 8
0 287 2 3
0 45 1 5
0 72 3 10
0 257 1 3
0 38 8 7
1 72 5 5
1 14 7 6
1 197 6 6
0 59 7 7
0 87 7 10
0 185 9 8
0 42 3 6
0 98 3 10
0 133 8 1
0 184 9 6
0 179 8 6
1 42 7 9
1 197 6 6
0 124 5 3
0 231 6 6
0 156 5 1
0 165 8 6
1 109 9 6
0 67 8 7
0 189 8 2
0 97 6 2
0 167 7 7
1 132 6 6
0 115 8 4
0 190 9 6
0 210 7 14
1 230 8 1
1 101 7 2
0 186 6 6
0 232 8 7
0 127 6 2
1 86 0 4
0 297 3 6
0 83 4 1
0 74 7 4
2 2 3631020340
0 41 8 8
0 77 7 11
0 147 6 1
0 116 2 2
0 196 3 7
2 0 3666280735
1 32 0 3
0 75 5 2
1 45 3 13
1 97 2 5
0 172 6 1
0 123 2 5
1 63 1 1
0 173 7 4
0 25 5 4
1 179 2 6
1 113 7 13
0 31 7 11
1 149 0 3
4 3723782709
0 82 7 7
0 86 8 7
1 48 3 3
0 287 3 3
1 98 3 2
0 137 7 7
0 112 7 10
1 77 5 4
1 276 3 3
0 60 9 2
0 122 7 8
0 7 2 4
0 263 3 4
0 139 2 2
1 16 7 4
0 118 7 2
0 93 6 3
1 63 0 8
0 69 9 6
0 17 5 7
0 216 2 6
0 146 0 5
0 183 1 1
0 225 0 1
0 78 5 4
0 58 0 8
1 44 3 2
0 290 2 6
0 175 5 3
0 208 2 1
0 11 0 7
0 198 7 8
0 278 5 4
0 135 0 1
0 273 1 3
0 162 0 6
2 4 3782586528
0 71 0 5
0 177 7 7
1 121 2 6
1 137 2 7
1 222 9 7
0 142 4 2
0 85 0 4
0 91 0 2
0 143 4 2
0 169 3 9
0 46 3 8
1 41 2 3
0 285 0 5
0 191 3 13
1 93 3 3
0 57 8 4
1 208 2 6
