100 300 1000
12 7 8 14 8 9 5 8 11 13 5 6 8 3 13 15 12 14 5 2 15 13 4 3 7 4 4 6 13 6 6 15 4 12 12 6 4 10 11 14 10 13 11 3 5 5 2 13 12 10 6 10 6 2 7 14 6 12 10 6 10 8 5 9 2 4 11 14 7 10 8 9 5 7 5 3 6 8 15 12 5 6 10 4 14 2 7 5 2 11 10 9 3 6 12 7 12 8 10 3
617150 693435 114684 882793 605984 576096 263006 112119 314751 289137 40012 850970 575777 68827 130734 303721 1539 575456 696568 720143 235760 978658 300846 707486 491430 445094 845197 981286 317926 818336 694664 920443 431452 100185 554233 11530 962269 943043 141809 215596 628246 67580 565131 867504 13350 109764 387170 830094 320534 562285 572338 280818 616194 468835 670055 867468 29605 858382 986763 756843 549819 439780 527896 416623 969318 761142 450039 73449 552778 202442 126812 716547 545337 821101 313870 493937 439285 769023 533023 222776 172750 33639 436971 836667 406135 262985 41186 419767 927311 414510 692461 305212 263598 606982 880328 914567 541928 454278 737643 477104 673052 815430 140318 875955 428916 964435 185592 102786 385306 324413 116053 948761 894937 141389 86213 189595 666054 922297 840228 338631 334121 572402 844259 108964 394125 944513 858435 6437 453907 960933 95630 208179 450054 780939 956768 414602 741609 281247 602231 55811 889406 138834 498259 432168 366468 354452 336535 550452 128141 325273 111753 20625 248480 251854 422876 124016 458059 205522 984763 865241 882762 550557 145831 348357 67383 786667 916858 924150 92774 352692 840646 896482 37643 178574 379688 70194 357932 973293 213025 565650 753211 687741 553233 775423 226336 242159 870699 572596 207445 279690 274696 362269 132022 84870 418387 71804 810663 867884 74112 800269 191592 500493 90728 301371 854283 365905 582116 118478 749717 405379 566713 363273 294477 882687 87431 381148 109550 749288 624995 254614 776089 960296 552198 120327 919884 621388 27026 99343 216809 588136 338183 389739 987156 960614 151527 736195 253060 510474 572574 127510 656467 846849 621533 813908 317582 529768 426683 760430 427843 634135 8397 252426 66701 466588 806816 407367 135745 147383 581165 854138 769151 704904 176650 592120 291687 967738 332528 825674 689163 657668 630847 480860 129031 890038 561710 132014 250484 222319 377646 151878 844778 626420 977810 538749 395790 991723 955827 635362 903087 540191 313293 285609 316591 421774 241459 62208 294008 521624 410441 130632
76 32 81821
60 22 33706
83 54 71391
36 61 63305
7 44 41600
55 14 61062
76 6 61416
85 52 80058
33 27 98470
49 45 60190
15 99 40116
17 33 19643
62 70 99060
38 45 68929
41 55 77898
8 41 79724
45 93 8903
16 69 18060
28 49 46581
89 22 64968
91 12 36573
85 18 51842
66 82 58310
94 89 91338
37 43 815
34 78 53910
39 67 61154
32 87 24352
44 59 72241
34 62 87202
48 13 46128
33 20 1420
99 12 36894
60 35 50912
25 66 83490
99 64 96915
35 82 85275
33 60 37825
84 56 88574
65 60 37481
25 34 44391
70 58 29895
24 76 99789
17 43 87101
85 99 27634
57 28 92536
83 13 52573
78 49 49746
77 74 35543
91 74 92659
16 82 65684
36 34 65512
23 7 95487
1 53 82059
65 64 39692
35 41 24895
63 59 78902
53 48 54051
66 75 3108
66 59 59920
40 19 70188
48 66 30301
0 20 8678
46 81 47362
65 2 62191
92 49 98625
11 91 64715
81 78 21425
93 9 6305
4 89 95382
7 5 50991
31 69 65399
32 19 12298
30 67 91104
48 42 32758
6 42 18160
80 49 52471
41 47 15713
71 85 44170
30 38 68818
96 88 96106
0 51 96872
29 7 37620
1 3 672
96 72 25534
69 90 75431
3 10 55673
70 84 98000
19 73 51660
95 28 99123
72 56 76757
98 45 30772
50 16 28033
26 83 68405
68 95 36889
79 13 27317
61 86 11101
97 37 38493
21 78 39345
0 106 16 4
0 146 60 7
2 16 7812431
0 138 12 8
0 100 90 8
1 146 63 9
0 275 78 5
2 78 11477596
1 138 35 5
4 101514294
0 91 28 6
0 171 94 1
0 76 22 4
1 138 14 1
1 100 39 11
1 171 91 3
0 140 55 14
0 122 81 1
0 27 84 6
0 74 78 8
0 43 73 2
0 262 0 12
1 122 37 7
0 147 14 11
1 140 93 6
1 146 15 1
1 27 66 7
1 140 50 2
0 293 43 1
0 297 82 6
1 293 20 11
0 174 52 3
1 147 55 10
0 156 17 9
0 269 95 1
0 112 52 3
0 238 12 6
1 147 64 2
0 83 55 9
0 195 43 1
0 208 36 1
0 253 39 8
0 199 37 8
0 57 63 1
0 225 37 2
1 100 86 1
1 83 75 2
0 295 46 2
1 91 86 7
1 112 42 3
1 269 86 1
1 140 4 6
0 152 0 2
1 122 43 2
2 78 111330716
1 100 39 1
0 68 3 13
2 15 126263859
1 297 70 3
0 176 77 8
1 43 35 3
0 58 50 1
0 281 27 3
0 33 73 1
0 191 17 9
4 136960570
1 174 52 3
2 12 184498093
1 176 82 2
1 191 9 8
0 6 87 4
2 86 199509642
1 208 41 4
0 95 40 2
1 100 6 4
1 6 37 5
1 281 57 10
0 168 50 5
0 0 29 3
1 208 54 7
1 168 28 10
1 100 3 8
1 156 55 10
0 190 62 1
0 251 68 1
0 232 79 8
1 43 90 10
0 19 52 4
0 160 73 5
1 281 60 4
0 37 30 4
1 140 78 3
1 58 74 3
0 205 22 3
1 195 50 3
0 113 94 11
0 284 97 7
0 204 5 8
0 24 65 4
0 98 21 13
1 253 90 9
0 292 28 2
0 41 31 8
0 126 29 3
1 293 31 1
0 226 12 4
1 6 80 2
4 219605091
0 238 62 5
0 287 59 2
1 253 31 6
0 81 93 4
0 288 34 5
0 52 55 10
0 296 88 1
1 126 55 10
0 5 74 5
1 204 21 6
1 160 58 6
0 72 45 2
0 53 51 9
1 147 54 2
0 197 50 4
0 11 94 9
0 242 86 5
1 262 93 6
0 137 49 3
0 74 69 5
1 41 23 3
0 250 54 4
1 19 77 1
0 101 52 1
1 53 91 2
0 159 95 3
0 80 88 2
0 216 15 10
0 282 53 1
0 261 17 5
1 191 5 1
2 5 227133948
0 111 72 4
1 37 63 5
4 287356755
0 236 56 6
1 292 68 1
0 271 8 8
2 97 304880835
0 155 4 8
1 68 54 3
0 200 68 1
0 45 62 5
0 277 73 7
0 151 62 2
0 194 99 1
1 262 7 7
1 261 36 2
0 134 15 5
0 165 91 9
1 197 45 5
1 41 26 2
0 263 35 2
0 8 91 4
0 164 41 1
0 189 10 3
0 2 43 1
0 66 94 5
0 135 49 10
1 238 80 1
0 170 11 5
1 232 82 3
0 142 15 11
0 241 25 4
0 206 3 10
1 197 58 5
1 194 39 3
1 101 28 3
0 121 21 11
0 38 25 4
1 194 16 11
4 305217726
0 272 19 2
0 29 91 9
0 166 41 5
1 74 27 5
1 101 47 6
0 289 13 1
0 1 71 3
0 141 96 6
4 391122168
2 90 443715508
0 146 27 4
0 175 27 3
1 151 91 9
0 63 80 5
1 272 29 1
0 158 19 2
0 110 41 1
0 150 94 10
1 57 97 7
0 116 58 2
0 123 42 8
0 102 57 1
0 78 34 2
0 181 94 1
0 22 63 5
4 528607594
0 298 9 3
2 57 561884674
0 235 16 5
4 602937861
1 232 20 13
1 66 7 1
1 293 67 10
1 100 2 1
0 182 20 6
1 242 60 5
1 155 85 2
0 285 94 6
1 38 94 2
1 242 14 12
1 272 63 6
0 70 66 2
0 84 49 4
0 35 16 7
1 262 33 3
0 12 14 5
0 192 37 3
0 75 93 3
0 7 27 3
0 87 10 5
0 56 17 11
1 238 36 2
1 197 86 5
0 67 52 2
0 99 68 7
1 1 26 4
0 215 53 1
0 187 57 11
0 36 41 10
0 64 74 2
1 277 51 4
0 129 58 2
0 106 36 3
1 74 76 1
0 89 73 3
0 220 4 8
0 133 7 7
0 191 25 2
0 243 53 1
0 120 82 5
0 179 89 11
0 234 6 3
0 278 4 1
0 93 97 8
0 105 35 3
0 230 20 1
0 260 72 3
0 42 47 3
0 32 90 7
0 221 75 3
0 202 84 7
0 51 86 6
0 91 32 3
1 147 58 2
0 14 97 8
0 219 47 3
1 106 16 2
0 50 8 10
0 184 97 3
0 61 90 10
0 104 64 2
1 160 32 3
0 290 67 12
0 227 49 7
0 233 19 2
0 10 70 2
0 183 32 3
0 198 42 10
1 66 74 2
1 24 19 2
0 4 70 5
1 253 96 12
0 213 70 3
2 8 608567200
1 19 72 4
0 124 11 3
0 40 54 6
4 650878839
0 186 79 8
0 218 52 3
0 203 82 10
0 178 62 3
0 96 89 7
2 22 723441096
0 276 21 2
1 150 56 1
0 127 23 1
0 132 89 2
0 185 56 4
1 297 73 5
0 212 80 3
1 192 94 7
0 269 61 3
2 93 727609829
1 74 99 1
1 178 68 4
0 299 77 6
4 794233522
0 60 26 3
0 274 64 1
2 56 806859725
2 19 818898796
1 37 79 5
0 118 94 12
0 82 6 2
0 284 63 8
0 257 44 5
0 210 62 4
0 157 67 2
4 862930483
0 237 89 9
0 229 24 7
0 39 26 4
0 172 11 4
1 116 81 1
0 240 52 4
0 109 58 3
0 185 46 1
0 149 47 7
0 143 84 11
2 33 931414080
2 72 994885342
1 213 34 11
0 103 18 5
0 77 49 2
1 95 83 2
1 165 57 3
0 125 35 6
1 191 72 2
1 110 78 9
0 139 39 8
0 85 80 5
0 81 72 5
0 59 65 3
0 90 42 1
1 257 79 3
4 1054445891
0 145 9 12
1 176 60 4
0 256 48 10
0 49 62 4
1 22 95 5
0 34 85 1
0 20 9 8
0 9 46 2
0 252 99 1
1 138 85 1
0 30 88 1
0 21 20 4
1 32 26 2
1 213 57 4
0 169 66 10
0 54 92 1
0 44 27 3
1 241 46 2
0 150 39 14
0 88 34 8
1 263 58 7
1 135 4 3
0 154 81 2
0 223 72 2
2 64 1133569554
1 179 60 10
0 205 61 6
0 43 44 1
0 3 87 4
0 62 89 2
0 275 45 1
1 204 44 2
1 12 95 5
1 66 0 10
0 13 0 5
0 19 30 5
1 299 94 6
0 267 76 1
0 266 40 8
0 177 74 4
1 159 1 2
1 67 29 6
1 39 17 3
0 245 65 4
1 132 20 7
0 73 6 1
1 204 15 13
0 161 65 1
0 268 20 9
1 183 3 12
1 160 14 12
0 193 34 1
1 200 65 4
0 119 93 6
0 108 61 2
0 28 19 1
0 114 50 3
1 125 7 2
4 1217593874
0 153 65 4
0 148 12 4
0 136 87 2
2 51 1225785496
1 70 41 12
0 111 73 2
4 1273381374
2 72 1285433256
0 102 6 3
0 207 67 4
0 249 86 5
2 52 1345549796
1 189 14 2
0 222 71 3
0 259 17 4
4 1407066137
0 25 48 12
0 224 70 5
2 1 1408970556
1 169 68 6
0 273 27 5
1 1 43 1
1 90 37 6
0 23 7 2
0 209 25 2
4 1508514981
1 178 88 2
1 93 62 2
1 9 80 5
0 131 16 9
0 262 83 1
0 115 47 4
1 40 6 3
2 42 1551692545
1 193 55 14
1 122 14 1
0 255 57 6
0 233 47 7
0 173 55 11
0 254 29 2
1 238 11 5
0 104 92 1
0 223 95 6
0 248 12 8
0 271 43 3
0 48 99 2
2 0 1639586815
1 287 77 7
0 69 35 2
2 96 1652137720
0 280 35 5
0 180 63 8
1 259 9 13
0 188 96 9
2 15 1697076197
1 38 87 1
0 16 6 4
2 74 1716729960
0 159 86 7
1 206 91 2
1 188 35 1
1 45 46 2
2 80 1730697017
0 86 78 2
0 244 1 1
2 78 1817195224
0 167 14 11
4 1875140421
0 140 96 10
1 88 27 5
1 56 31 15
0 6 95 2
1 61 86 2
0 216 34 9
0 31 3 11
1 121 38 11
0 13 50 5
0 75 49 2
0 212 22 4
0 94 56 5
0 97 24 3
0 260 2 8
1 179 47 12
1 27 33 11
1 131 77 2
0 117 78 15
1 176 81 5
0 128 23 2
1 69 7 7
0 17 92 3
0 198 56 3
0 130 36 1
0 50 77 1
1 257 41 13
1 219 67 14
1 215 93 3
0 191 82 6
1 212 67 12
2 20 1900645625
0 253 3 5
1 164 52 6
2 27 2000240227
0 277 85 1
0 92 64 1
0 85 76 2
0 294 62 2
0 9 38 1
1 145 64 1
0 240 44 5
1 9 78 9
0 218 34 5
1 145 67 7
0 228 72 1
0 286 95 1
0 81 63 4
1 78 4 8
1 131 41 5
1 253 31 7
0 15 27 5
2 89 2005742744
0 201 99 3
0 123 71 8
0 107 8 4
0 76 3 7
4 2061089271
1 297 86 7
2 58 2121941734
0 55 96 4
0 239 0 10
0 64 61 5
1 85 65 1
0 274 75 2
0 162 14 5
0 66 98 2
4 2145504369
0 232 3 6
0 291 42 7
0 279 52 3
0 58 14 12
0 7 77 2
1 261 98 3
0 62 18 2
1 40 24 3
0 247 17 14
1 77 5 5
1 136 81 5
0 237 29 5
0 246 21 2
0 142 41 13
0 196 15 4
0 79 30 2
0 158 37 8
0 283 30 2
2 40 2242738315
1 180 62 4
2 99 2311270525
0 211 87 2
0 182 47 13
1 150 45 3
1 283 3 5
1 40 0 2
1 143 32 2
0 230 16 2
1 95 48 3
1 248 66 8
0 18 56 4
0 112 22 3
1 197 53 2
0 141 21 5
0 47 75 2
1 68 44 1
1 288 64 1
0 110 84 4
0 109 70 7
0 96 25 2
0 263 70 3
1 197 41 10
0 174 36 1
0 5 70 2
0 65 22 3
1 184 52 6
0 144 63 4
0 236 41 1
0 268 91 9
2 50 2403572720
1 29 42 6
0 258 92 3
1 19 14 12
0 134 63 1
0 88 77 7
0 265 71 5
1 68 56 1
0 86 2 7
1 108 92 3
1 212 15 10
0 204 60 9
1 65 3 6
0 152 13 1
0 129 16 2
4 2452790795
0 71 3 8
0 266 98 9
0 63 82 1
1 187 39 11
0 24 49 2
0 270 69 8
0 264 62 1
2 13 2472747476
1 237 14 1
0 252 37 4
1 71 64 1
1 70 92 3
0 74 78 4
0 26 82 9
1 269 84 2
0 114 91 3
0 273 74 3
4 2499554943
1 108 87 4
0 289 64 1
1 119 27 1
0 231 34 12
1 193 55 1
1 164 18 2
2 41 2580635129
0 13 5 9
0 21 90 3
1 200 73 7
0 177 91 7
1 8 9 9
1 59 21 13
2 32 2642574074
0 44 76 6
1 254 35 1
0 46 93 3
4 2711001234
1 94 12 7
0 152 37 1
0 91 26 3
0 142 14 5
0 195 12 7
0 163 9 4
0 201 28 5
0 197 95 7
0 217 24 7
1 17 66 8
2 55 2767589159
0 143 21 7
0 166 62 2
1 219 34 6
1 250 93 3
0 214 30 2
2 54 2800247382
0 147 43 1
1 290 40 1
4 2899287248
0 257 19 2
0 36 28 2
1 214 61 5
0 132 84 8
0 146 49 9
0 193 67 3
1 179 98 7
2 73 2994657566
0 52 51 1
1 73 38 7
0 126 49 8
0 208 66 8
0 156 84 5
0 236 90 1
1 177 84 12
0 131 66 7
0 173 32 2
0 175 60 10
0 48 70 8
1 268 40 7
4 3091299692
0 111 45 5
1 88 42 1
2 65 3169592258
1 262 29 6
0 89 17 6
1 270 60 3
0 33 17 14
0 200 70 2
1 48 0 10
1 33 80 3
1 117 42 7
1 278 71 7
2 80 3171103705
1 234 11 4
1 102 57 12
1 108 82 10
4 3267601816
0 245 51 9
0 85 10 2
1 22 1 5
1 264 7 5
0 161 76 4
0 153 83 4
1 232 32 2
0 33 75 3
1 85 3 11
1 292 58 10
1 191 49 6
1 143 86 5
2 91 3307706779
1 165 81 2
1 93 74 3
1 37 43 3
1 212 36 2
1 37 62 3
1 164 57 4
1 81 75 2
1 243 62 3
1 79 96 6
2 68 3354396068
1 67 4 8
2 37 3403129556
2 75 3415414396
1 198 15 8
1 112 90 6
1 190 51 5
4 3460584019
1 210 87 5
0 251 25 2
1 130 44 4
1 84 69 9
1 49 49 10
0 81 44 4
0 225 34 10
0 274 93 2
0 53 33 2
0 90 70 3
0 99 8 1
1 139 43 3
0 151 11 6
1 222 42 3
0 158 84 14
0 171 10 3
1 70 71 5
1 142 42 10
1 165 62 1
0 221 4 2
1 273 21 1
0 169 76 4
1 280 90 9
1 137 68 6
0 206 41 3
1 218 92 1
0 152 51 3
0 33 52 3
0 47 0 12
1 0 34 12
0 83 62 5
1 80 92 3
0 114 76 2
0 199 67 10
0 252 49 4
1 51 57 1
1 11 1 7
2 24 3548561699
1 96 56 2
1 5 45 5
4 3609210780
1 176 70 8
0 229 7 1
0 97 36 3
0 217 89 2
1 198 13 2
1 289 47 3
2 69 3703787907
1 6 4 8
1 141 94 1
1 137 11 3
4 3763769569
0 84 98 10
1 41 33 6
2 34 3774228320
1 255 59 3
1 154 9 9
1 180 97 3
1 133 2 7
1 66 73 3
2 62 3848924478
1 121 32 4
1 56 94 8
4 3940624055
0 0 20 12
0 294 78 7
0 166 99 2
0 83 44 3
2 26 4022359444
0 216 1 2
1 224 70 2
2 89 4031296523
1 129 49 8
0 219 9 1
1 141 76 4
1 140 7 4
2 27 4112111996
2 39 4146230593
0 37 97 5
0 243 47 1
1 255 69 3
1 96 8 4
0 225 64 2
0 165 16 1
0 231 29 5
1 25 72 1
1 41 16 12
1 34 83 3
1 34 59 4
1 251 91 9
1 272 94 3
1 232 35 3
2 97 4189063641
2 35 4196511004
1 160 29 3
1 207 75 3
1 159 11 3
1 81 96 6
1 294 77 6
1 183 9 9
1 295 22 4
1 293 61 2
1 28 24 7
4 4221727764
0 180 15 10
1 132 69 7
0 217 21 13
0 187 26 3
0 105 0 1
1 127 59 5
0 14 94 5
1 51 52 1
0 119 32 2
0 232 39 11
0 254 58 10
0 15 87 1
0 37 6 5
1 283 39 1
0 60 62 2
1 59 36 3
0 91 84 3
1 77 69 2
0 188 35 2
1 138 12 1
0 57 82 6
1 150 17 4
0 32 40 8
1 210 42 6
1 233 87 5
1 7 53 2
1 87 75 1
1 280 25 1
1 127 36 1
1 274 79 1
1 273 72 3
1 75 34 5
1 75 75 1
1 96 19 1
1 3 0 1
2 98 4234224319
1 243 23 2
4 4306001625
0 266 19 1
0 261 61 2
0 179 90 4
1 199 32 1
0 84 22 2
1 288 26 4
1 66 34 6
1 239 4 4
1 18 59 6
1 79 11 6
2 4 4354858342
1 27 2 2
1 26 61 3
1 71 72 1
2 25 4386003602
2 79 4469328647
1 120 79 8
1 18 97 6
1 7 96 12
1 151 59 1
1 13 17 4
1 166 84 12
1 188 95 5
1 234 92 2
1 250 84 1
1 24 20 14
1 113 39 2
1 0 44 5
1 15 15 2
1 71 73 5
1 247 58 10
4 4555884562
0 67 85 1
1 56 16 9
0 186 89 10
0 239 24 2
1 260 8 8
0 209 68 3
0 220 19 2
0 135 87 4
1 25 77 2
0 280 90 5
0 78 40 7
0 221 7 7
0 6 6 4
1 111 97 8
1 3 32 3
0 274 60 8
1 244 48 11
1 106 9 13
1 184 82 9
1 251 23 3
1 41 69 6
1 95 94 8
1 215 47 7
1 12 51 1
1 284 40 9
1 95 58 6
1 103 1 5
1 106 99 1
1 263 33 6
1 220 65 3
2 95 4560178859
1 124 84 9
1 39 65 4
1 264 80 5
1 270 89 10
4 4632805998
1 250 71 7
0 197 47 2
1 18 81 6
1 138 77 3
0 223 2 6
1 187 33 11
0 188 53 1
0 286 82 1
1 228 59 6
1 132 67 10
1 39 96 10
1 41 77 7
2 69 4694205453
2 64 4768758841
1 5 64 1
1 97 58 6
1 214 68 1
1 136 65 4
1 200 40 6
1 27 20 11
1 42 96 1
2 58 4843577628
1 226 12 8
1 168 86 2
1 47 65 4
1 286 74 4
1 4 69 7
1 68 47 7
1 266 21 9
4 4881233448
1 66 44 3
1 204 33 11
1 285 28 7
1 101 81 5
1 86 90 7
0 225 27 5
2 76 4944628944
1 242 61 3
1 294 79 5
0 97 16 8
0 254 13 1
0 92 47 4
0 255 61 7
1 11 8 5
1 98 9 11
0 292 82 10
1 45 6 5
4 4944764702
0 44 82 1
0 114 83 3
0 77 68 3
0 95 16 6
1 249 40 8
1 117 50 5
0 247 94 1
1 261 42 5
4 5023300734
0 169 42 9
0 267 5 7
0 141 13 3
