5 100 100
12 8 8 3 14
229738 982059 160333 109853 615112 487457 725385 779228 619254 331749 638099 178094 289039 536876 364656 970865 541432 584752 439757 341362 511434 983819 504352 735786 199150 842731 560825 401757 881291 921187 616153 391257 481393 983897 148628 497776 35033 597684 814976 25477 509103 316705 930896 443919 233232 643845 33712 990988 810008 785116 854894 775006 545908 956683 183526 973161 943568 78024 824176 563704 955316 659333 610918 86076 264154 614260 468627 798388 411844 695066 374361 570772 619343 253582 296964 276162 104868 993335 125547 572188 921679 998716 519759 948727 861401 776297 170404 526519 510511 815595 381904 521869 111275 258899 983536 833063 126754 506434 248235 860162
4 0 20269
4 1 10268
3 4 17656
1 2 1469
0 83 3 3
0 53 2 5
0 95 2 3
0 0 4 3
0 44 0 10
1 53 0 10
1 53 3 2
0 59 0 8
0 61 3 1
0 97 4 12
1 44 4 3
0 7 3 3
1 61 4 6
0 52 2 2
1 95 3 2
0 99 4 8
0 94 1 8
0 23 4 1
1 99 4 11
0 35 3 2
0 62 1 8
1 59 0 8
1 83 0 3
0 68 4 5
0 3 4 7
1 62 2 5
1 95 2 5
2 4 27696849
0 54 3 1
1 62 4 6
2 3 76206764
0 64 4 4
0 45 2 3
0 63 2 7
2 4 158017871
0 85 0 12
1 59 1 6
0 82 4 2
0 70 0 10
1 63 0 12
0 93 2 1
2 1 215114746
1 93 0 9
1 70 1 1
0 20 2 6
4 224822992
0 16 0 9
0 81 4 8
0 90 1 7
0 67 1 7
0 60 3 1
1 83 4 13
0 30 4 6
0 94 0 7
0 9 0 3
0 98 1 3
1 83 0 4
0 99 4 3
1 85 3 3
1 90 1 8
0 69 1 8
0 13 0 10
0 87 2 5
0 55 4 8
0 57 4 6
1 30 3 3
1 69 1 3
0 49 0 8
0 39 4 2
0 32 2 6
0 74 4 10
0 12 2 7
0 7 1 6
0 84 2 8
1 85 3 3
1 84 3 3
1 74 1 4
1 20 4 7
0 92 3 2
1 83 0 3
0 46 3 2
1 52 2 4
0 2 0 9
0 48 4 4
0 76 1 1
0 65 2 4
0 71 2 5
0 43 0 9
0 34 4 11
0 59 0 3
1 92 2 2
1 55 4 11
0 89 1 3
1 84 1 6
0 80 3 2
0 77 2 4
1 12 4 8
0 68 3 2
1 52 4 13
0 61 0 11
