50 300 1000
4 10 2 15 11 7 9 10 6 8 13 13 10 3 2 13 12 8 6 8 14 4 6 14 5 15 14 7 7 6 5 5 11 12 12 12 3 6 12 14 7 7 5 13 12 8 8 13 8 14
896593 406050 851766 627800 331055 103814 889108 625220 901060 746110 427902 950398 546016 86220 220693 163430 867647 743040 449602 639855 821535 870603 106076 94369 838247 130684 269938 405435 342145 366175 794821 150121 481779 572478 589119 336938 136233 291434 265361 675645 908906 57801 902863 586103 903734 6703 607626 587911 236346 172350 357146 878179 253510 929294 812803 360147 149644 848876 217290 437868 357467 658163 333807 726486 806828 70971 509628 292017 50580 498326 632899 220201 449310 472060 842276 346186 918722 871421 754280 974738 712472 492530 859021 263801 257550 286398 61312 629765 180185 989295 257024 728898 834816 40238 78570 905940 702176 953316 834336 464208 129451 659775 411218 483750 734597 855935 781938 889383 433450 612649 55948 26802 528353 438297 394363 530682 227072 479939 525353 441442 841735 691569 15110 947749 505573 295119 459993 103219 979423 948402 647267 668119 817880 724403 145843 249582 721707 854968 865176 895774 379308 806325 426253 712536 602885 745617 719042 730427 512955 47902 320308 67608 304637 908043 732950 611136 625895 382454 515090 44317 495241 422506 940507 695015 844593 781324 302474 113303 941317 445931 837262 231649 47191 856759 177087 168427 656456 426655 570637 667091 892880 865769 603968 795907 648838 871564 384677 359014 956347 722031 784390 536442 514215 787868 188038 495023 227571 112249 707713 552514 638894 629555 367232 347396 328482 493883 776703 484624 267428 498116 845815 452841 163477 960816 186818 22374 790038 722672 343356 895053 503878 228851 264340 659289 275377 835330 170280 389170 920690 556196 873188 269970 769637 589722 56305 620404 901952 23195 258735 643515 757166 536777 845438 553100 705895 935807 943972 35050 816969 425687 179054 599864 291101 355884 352796 916254 10503 977319 600956 923082 614919 509397 772270 302321 206419 991380 262170 650154 174570 152585 454708 133632 994984 398060 931389 283706 888356 112710 440706 863376 648718 672657 396111 342985 306219 981993 243602 775058 756059 760723 399854 221152 321130 931072 904541 202537 8886 292299 306925 149922
14 32 11189
18 29 96268
49 48 39288
28 49 27984
38 5 43309
20 36 85737
27 9 43607
46 6 26001
26 46 15336
17 30 19296
48 8 40985
36 24 53571
41 12 34138
33 27 59072
49 19 82391
29 3 84966
20 7 97373
45 32 19902
12 10 44442
21 31 19515
3 30 85389
12 37 9813
26 5 46423
7 11 24714
23 19 54392
16 36 42862
21 17 60992
26 2 73630
28 43 33541
4 29 83681
11 33 19859
22 1 2690
36 14 52662
9 23 94565
41 45 6765
14 30 28326
1 44 8969
38 36 84574
43 42 271
22 11 89091
17 35 60214
39 35 99741
15 34 49348
23 34 12827
40 32 92872
0 10 63536
1 13 8448
47 28 53276
25 6 75685
0 16 3 6
0 252 34 2
0 168 25 11
0 46 37 3
0 280 34 8
1 46 14 1
0 3 5 3
1 3 38 6
2 34 87260565
0 127 48 2
0 192 1 9
0 258 41 1
4 165311182
0 107 19 3
0 230 46 7
2 3 172639271
2 25 260405226
1 107 27 1
1 46 25 11
0 235 47 4
0 21 9 8
0 185 23 11
2 25 353785711
0 93 20 2
0 196 34 6
0 188 47 2
0 142 46 8
0 51 35 4
0 83 21 1
0 163 45 1
0 63 21 2
1 230 49 5
0 186 14 1
0 205 13 2
0 250 41 1
0 189 44 6
0 53 43 5
4 452038988
2 1 507249874
0 191 37 3
0 245 19 2
1 63 7 4
0 67 47 4
4 519874403
0 164 32 11
1 205 21 3
0 98 12 2
0 31 31 2
1 235 8 6
1 164 49 13
0 190 48 7
0 181 14 2
1 245 26 10
1 205 34 10
0 254 10 4
0 69 47 12
0 175 36 2
0 249 1 9
0 259 31 2
2 27 588448089
0 102 25 14
0 169 29 5
1 235 48 3
2 38 678557975
0 46 39 7
0 92 23 2
0 57 5 7
1 51 15 8
0 84 41 7
0 77 2 1
0 171 33 3
0 24 38 5
0 52 0 2
1 69 34 2
0 215 24 3
1 51 7 9
1 77 39 5
0 176 16 11
0 94 14 2
2 0 770830803
0 290 3 15
0 228 5 5
1 186 3 13
0 23 44 10
0 138 2 1
1 169 23 10
0 148 38 4
0 47 44 2
1 46 38 7
0 202 4 4
1 186 11 13
1 51 32 5
0 224 18 1
1 63 19 5
1 181 17 1
4 778032064
1 31 11 2
1 24 23 14
1 24 17 1
1 202 49 9
1 102 15 12
0 262 3 3
0 221 48 4
0 225 43 9
0 160 37 4
0 129 44 1
0 91 27 5
1 84 13 2
1 142 32 4
0 44 22 2
1 163 3 6
0 244 12 8
0 276 29 1
1 127 35 5
0 68 43 9
0 271 9 4
0 124 5 6
1 225 26 3
0 43 8 6
1 24 25 7
0 227 17 2
1 228 33 2
0 222 33 6
0 219 6 7
1 68 39 10
2 49 856014674
0 42 21 1
0 286 31 3
1 98 18 5
1 124 37 2
2 38 955159553
1 47 16 9
0 19 4 3
0 211 35 7
1 227 27 5
0 192 23 10
0 292 24 5
0 11 35 10
1 292 15 2
0 165 43 13
0 226 36 1
1 53 46 6
0 0 37 3
4 1042422607
1 93 8 5
0 28 46 5
0 153 43 9
0 275 36 3
1 24 48 4
1 258 40 4
0 38 28 2
1 127 29 4
0 239 5 6
1 185 21 2
0 90 20 1
0 60 25 8
0 128 22 1
1 249 19 5
0 263 36 1
1 51 19 1
1 276 10 6
2 44 1114720269
0 75 49 4
0 162 10 6
4 1133245053
0 117 49 5
0 74 33 8
1 53 2 1
1 181 21 4
0 103 43 1
1 68 11 1
2 25 1145458973
0 30 29 2
1 67 13 2
2 47 1240861353
2 43 1329001867
2 37 1353973114
0 16 27 1
0 251 0 2
1 175 37 3
0 279 36 1
1 275 11 10
0 246 26 9
0 216 32 5
1 93 41 2
4 1359616081
1 215 36 1
0 115 44 8
0 202 23 5
0 2 39 2
2 16 1375635851
0 291 27 1
0 113 9 4
0 143 21 4
4 1456098694
1 84 3 8
1 16 38 8
0 133 24 1
0 147 42 1
0 204 16 9
1 84 38 4
1 251 27 7
1 169 47 5
0 213 36 3
0 88 29 4
1 92 44 7
0 137 47 5
1 192 1 2
0 25 42 1
1 262 14 2
0 232 40 7
1 227 29 3
2 11 1505124467
2 2 1585977304
1 94 31 3
4 1636477088
0 237 25 3
0 257 43 4
0 288 13 1
0 152 14 1
1 83 20 10
1 292 5 7
0 40 26 4
0 132 47 1
0 95 27 6
1 246 10 9
1 128 0 4
0 267 26 8
1 192 6 3
1 127 33 12
1 222 32 4
0 56 40 5
0 274 24 3
1 227 38 2
0 62 17 3
1 74 12 10
0 52 13 1
1 19 12 10
1 91 29 2
1 221 1 4
1 222 14 1
2 32 1684914389
1 84 23 2
2 38 1700718935
0 247 33 7
0 96 24 2
0 39 1 9
1 128 17 4
0 165 37 1
1 279 8 6
0 5 19 2
1 181 38 7
1 222 0 2
1 244 14 2
0 176 7 7
0 298 20 11
2 43 1750250586
1 251 1 8
1 57 26 13
1 235 35 1
0 199 7 3
4 1795693106
0 111 8 2
1 90 3 11
1 246 44 7
1 69 0 3
0 265 25 2
0 158 37 3
0 208 22 1
1 77 20 14
0 231 25 11
2 8 1810888683
0 31 46 8
1 25 48 1
1 245 49 14
0 193 18 3
0 33 30 1
0 198 3 1
0 4 48 5
0 168 13 2
0 186 16 12
0 48 44 12
1 169 3 9
0 216 24 5
2 22 1814381744
1 291 4 8
0 294 49 9
1 226 22 5
0 164 43 12
0 27 37 3
0 142 39 14
0 173 21 3
0 203 18 3
0 108 29 2
0 120 4 11
0 105 0 4
0 187 14 2
0 80 36 3
4 1912024876
0 12 15 12
0 220 7 2
0 161 22 3
0 68 33 1
1 33 39 6
0 15 13 3
0 257 0 2
0 151 11 9
0 61 8 6
0 285 3 3
2 46 1965294963
0 107 36 3
1 120 15 1
0 273 45 5
1 84 19 7
0 287 8 6
0 8 26 8
0 119 4 2
0 296 21 3
0 217 3 9
2 28 2015692448
0 167 38 1
0 208 28 4
0 101 7 4
0 79 22 5
0 76 20 1
0 22 41 6
0 180 37 5
0 174 47 9
1 237 8 5
0 150 11 7
0 37 5 5
1 285 44 6
0 145 10 1
0 86 7 6
0 255 9 5
0 140 37 5
0 253 30 2
2 42 2033239932
1 74 9 4
0 7 15 7
0 65 2 1
0 87 13 2
0 183 34 5
1 151 12 1
0 240 23 11
1 96 1 1
0 293 25 7
0 283 15 10
0 9 25 10
0 153 18 6
1 165 26 5
0 89 45 8
0 144 26 2
2 5 2061486888
0 66 28 4
1 258 29 6
0 275 26 9
4 2139026400
0 236 27 4
0 58 42 5
1 198 9 7
1 250 20 6
1 88 25 6
1 183 6 7
0 159 15 2
1 276 17 6
0 85 43 8
1 293 8 3
0 214 37 5
0 264 19 1
1 249 48 8
0 16 37 2
0 147 32 1
0 241 9 5
1 144 18 4
0 124 45 4
1 204 19 7
1 74 20 3
2 14 2156998313
1 9 44 6
1 66 40 1
1 8 18 1
2 17 2256549198
0 70 8 5
0 154 42 5
0 227 36 3
4 2267812627
0 112 19 3
0 234 41 6
1 263 33 8
0 130 2 2
1 236 34 9
0 179 24 1
0 268 9 2
1 83 24 3
2 41 2344615783
0 295 11 10
1 227 30 3
0 10 5 2
2 33 2439271254
0 194 20 8
4 2457868619
0 111 8 5
0 106 37 4
0 195 1 3
1 16 27 4
0 136 43 2
0 171 21 2
0 0 14 2
0 233 42 5
0 187 44 7
0 31 10 11
0 146 34 11
1 208 3 4
0 201 44 11
0 23 18 3
0 209 9 7
0 270 3 6
1 58 0 1
0 157 17 7
0 6 15 11
1 65 28 4
1 295 11 8
2 31 2489461886
0 230 24 3
0 18 40 2
0 281 20 9
0 266 12 3
0 276 32 10
0 54 44 11
4 2515335864
1 231 15 3
1 185 15 3
0 17 35 6
1 85 19 6
0 32 5 4
1 51 35 3
0 148 37 1
2 26 2547156332
4 2594919599
2 28 2622424313
0 178 31 3
2 8 2697356085
0 50 40 2
0 14 14 2
0 94 48 2
2 2 2762146459
1 69 4 8
0 40 35 12
0 55 23 4
0 139 16 2
4 2803018567
1 159 26 9
0 26 2 1
0 234 49 1
0 47 46 4
1 187 2 2
0 29 9 1
0 61 3 2
0 81 21 3
1 89 9 1
0 293 42 4
0 212 14 1
1 157 27 4
1 283 19 4
0 73 12 6
1 180 45 1
1 273 42 4
1 146 38 7
0 127 7 10
1 273 10 7
2 11 2876976088
0 103 40 1
1 231 1 6
0 261 2 1
0 68 14 2
0 62 25 13
0 152 44 10
1 186 32 10
1 159 10 8
0 135 47 6
1 178 43 3
0 134 35 9
1 181 43 1
0 172 17 3
1 168 7 7
0 247 44 4
0 37 15 11
2 21 2962022027
0 45 13 1
0 138 49 7
0 210 47 3
0 248 18 2
1 221 9 7
1 202 49 13
0 239 45 6
0 1 26 7
4 3007104474
0 197 6 7
0 259 27 5
1 172 33 4
0 177 6 8
0 299 11 3
0 229 19 3
0 238 23 10
2 30 3017398958
0 70 41 6
0 114 30 4
0 72 20 2
0 277 37 5
1 248 40 3
2 24 3044381424
1 67 9 5
1 90 12 6
1 92 9 8
1 147 47 1
0 207 43 12
0 57 38 8
0 243 5 4
0 122 45 8
0 252 24 5
4 3125552151
0 53 31 5
2 25 3195084486
0 60 28 6
0 262 43 11
0 41 5 7
0 253 4 7
0 150 2 2
0 3 30 5
4 3222225350
2 19 3282819380
1 1 15 5
0 130 4 11
0 286 43 11
1 159 29 4
1 236 15 12
0 230 48 8
0 43 30 2
1 254 42 1
0 284 30 2
1 57 42 3
0 64 39 14
1 293 44 7
0 265 26 14
0 179 12 8
2 35 3306155226
1 103 3 13
1 202 6 8
4 3319700458
0 272 18 5
1 207 35 5
0 49 30 1
0 36 12 4
0 118 45 8
1 138 34 5
0 200 10 1
0 292 16 11
2 4 3323063536
0 97 34 6
0 131 4 6
0 206 19 4
4 3421739749
0 189 44 4
1 122 36 3
0 40 36 1
0 88 44 9
0 129 44 6
0 123 37 6
1 207 34 4
2 22 3473005824
0 223 22 6
0 188 31 2
2 42 3545048509
0 274 49 11
0 156 30 1
0 165 32 6
0 287 40 2
0 244 17 7
0 216 10 4
0 295 16 12
0 17 21 2
0 69 11 5
0 282 25 6
2 12 3619068719
0 111 0 1
0 99 48 3
0 28 34 9
2 21 3643939588
1 177 46 7
1 96 27 2
0 283 41 2
1 189 37 5
0 263 43 11
0 59 5 4
0 191 34 1
2 10 3647091894
2 44 3665787942
0 85 30 4
1 193 27 1
0 128 28 2
0 260 42 3
1 187 23 3
1 32 11 10
0 211 42 2
0 93 23 6
1 93 43 4
0 51 46 7
0 225 21 4
0 82 20 11
0 5 11 2
0 133 33 6
0 84 7 2
1 236 49 8
0 63 34 11
1 91 23 6
0 20 7 1
0 237 8 3
2 0 3681612977
1 194 16 3
2 18 3765156892
2 48 3809930399
0 34 6 4
0 71 31 5
0 296 20 10
0 291 31 5
0 83 22 2
2 15 3830312548
0 229 18 2
0 171 1 9
0 253 46 2
0 134 45 8
0 126 45 2
4 3855513296
0 88 37 3
0 230 32 9
1 67 26 4
0 267 2 2
1 159 26 11
0 235 3 6
0 266 3 5
0 151 9 6
0 144 34 2
2 34 3878833040
0 256 18 4
1 282 8 6
0 201 33 6
1 208 19 4
1 239 28 5
4 3929021905
0 48 8 4
1 181 30 2
0 224 20 10
0 12 40 7
0 125 22 5
0 63 1 2
0 272 29 6
0 257 22 1
0 264 38 5
0 28 5 6
0 19 40 7
0 37 6 8
0 182 4 8
0 269 5 5
0 22 42 4
0 242 34 6
1 221 47 6
0 226 46 6
1 158 0 1
0 109 16 11
0 170 40 4
0 143 47 5
0 111 31 2
0 7 43 3
2 40 3985630117
0 246 49 8
2 21 4081612972
1 195 32 4
1 69 12 6
1 68 47 1
4 4154665751
0 1 19 7
0 104 11 11
1 117 19 5
0 248 27 1
1 111 0 2
0 232 32 1
0 225 45 5
0 200 13 1
2 20 4242340967
0 280 29 4
1 156 15 6
2 7 4252920727
1 180 46 1
1 245 43 2
0 273 43 8
4 4268152828
2 28 4320267689
0 216 18 1
0 86 48 3
1 117 20 5
2 34 4404299978
0 94 14 1
0 84 48 3
0 66 46 3
0 185 35 12
1 206 0 1
0 153 28 5
1 201 7 5
0 227 5 6
0 19 29 5
0 296 19 8
0 247 35 12
0 249 11 7
0 112 4 5
0 228 21 2
0 154 25 13
1 19 12 9
0 77 44 9
0 11 33 7
0 62 0 3
1 39 3 8
0 98 40 7
0 42 16 11
1 208 43 5
2 17 4462141860
0 293 47 11
0 110 42 2
0 18 11 11
0 144 4 5
0 36 32 9
0 65 11 5
0 17 43 1
0 121 42 3
0 233 33 1
0 141 48 3
1 230 9 6
0 184 1 2
1 280 6 7
4 4507962439
1 194 7 3
1 143 24 3
1 33 38 6
1 59 15 12
1 295 40 5
0 60 4 1
0 138 42 1
0 81 49 4
1 286 30 3
0 99 10 9
0 170 41 7
0 73 47 2
0 25 46 3
1 280 32 7
1 85 0 3
0 162 26 8
0 128 7 6
1 121 19 6
0 190 44 11
0 285 5 1
1 47 16 9
0 160 25 10
0 120 25 7
1 77 30 4
0 46 43 9
0 149 37 5
0 222 27 6
1 197 19 3
2 36 4552434766
0 79 40 1
0 9 32 2
1 153 34 11
4 4602391956
0 239 38 6
0 220 31 2
0 281 42 1
1 249 42 5
1 131 27 4
0 287 19 3
1 29 34 7
1 257 26 7
0 72 7 6
0 166 0 3
0 23 19 7
0 176 4 3
1 150 5 1
0 215 33 12
0 289 42 4
0 275 9 5
0 127 20 6
0 119 3 5
1 164 5 5
1 214 4 2
0 204 29 6
1 231 0 3
0 101 43 13
0 130 41 3
2 25 4668335682
0 8 16 3
0 80 43 7
2 48 4701868415
2 47 4764636223
0 35 25 14
1 114 34 8
0 105 11 9
0 179 32 2
0 191 30 2
2 49 4862100694
0 278 32 10
2 38 4958859366
0 213 47 8
1 262 27 4
0 244 28 4
0 173 0 2
1 260 37 4
0 100 23 10
0 122 49 9
0 58 45 1
2 26 5012490625
1 143 25 5
2 12 5081439441
1 289 34 4
1 261 40 2
0 161 36 1
1 176 24 2
0 242 43 1
1 211 33 6
0 279 15 4
1 46 29 3
0 24 30 1
0 90 19 4
0 74 47 10
0 44 41 7
1 43 9 5
0 199 37 1
1 268 24 1
1 186 40 3
0 145 22 3
0 97 48 4
0 12 43 11
0 196 43 4
1 62 32 8
0 82 41 7
0 13 39 6
1 188 25 4
0 78 47 1
1 169 7 2
1 126 3 5
4 5088361738
1 216 5 5
0 132 36 1
1 190 11 4
0 293 20 4
1 12 2 2
0 107 43 1
0 137 28 5
2 6 5160574201
2 49 5165209277
1 208 6 8
0 75 15 7
1 277 48 8
0 246 18 3
0 86 37 4
0 265 43 1
2 8 5182024786
0 168 48 8
0 147 48 3
0 115 12 2
1 134 49 12
0 54 44 6
0 116 19 6
0 160 38 5
0 38 3 5
1 80 28 4
0 298 48 4
0 31 22 6
0 129 34 1
0 141 18 6
1 287 35 12
0 152 44 5
0 203 12 5
1 22 34 6
0 102 45 6
1 273 40 5
0 174 40 4
1 278 10 8
0 154 47 3
2 13 5280309866
0 50 12 8
0 224 41 7
4 5284423997
0 73 3 14
0 81 0 1
0 237 18 5
0 282 29 5
0 4 2 2
2 0 5351096544
1 23 5 7
1 292 21 4
1 243 36 3
1 203 7 4
1 269 33 8
0 34 27 7
0 234 17 8
0 57 25 4
0 257 13 3
0 218 21 2
4 5419334899
0 56 40 6
0 162 38 11
1 17 40 5
0 173 36 2
1 216 17 7
1 139 26 5
1 73 26 5
0 155 28 7
2 18 5511007303
0 264 45 2
1 289 3 4
4 5600699853
0 183 41 6
1 212 33 3
1 286 41 3
1 212 38 3
0 68 27 7
0 202 15 10
0 297 40 7
0 20 13 1
2 48 5615669962
1 162 23 10
0 205 33 7
0 294 19 7
0 288 34 6
1 149 9 7
0 111 0 3
0 219 34 1
0 45 22 1
0 200 4 7
0 48 10 5
1 173 33 8
1 260 38 11
0 254 5 5
0 15 31 2
4 5657771183
0 229 22 3
0 256 44 7
0 67 24 5
0 141 23 12
0 69 33 3
0 246 16 2
0 239 4 3
0 166 19 1
0 135 32 9
0 231 6 8
0 81 12 3
1 130 7 3
0 120 45 5
2 20 5665475785
1 229 9 8
0 37 39 5
1 297 22 3
0 40 26 2
4 5721660831
0 85 8 4
0 122 8 3
1 175 40 4
1 286 10 2
1 266 41 7
1 37 34 3
0 274 3 9
1 248 26 2
0 206 48 7
0 147 49 3
1 38 4 9
0 76 39 9
1 287 25 2
0 236 39 13
1 200 17 5
0 146 20 6
1 232 14 1
0 293 13 3
0 97 34 3
0 210 34 9
1 7 42 3
0 159 37 2
1 285 4 8
0 207 43 13
1 220 28 2
0 237 39 14
0 117 25 8
0 168 17 1
0 167 16 4
0 84 4 8
1 136 40 6
0 250 34 9
1 233 32 3
0 221 5 4
1 239 30 5
0 19 21 2
1 184 48 1
