300 300 1000
4 3 11 5 8 15 2 2 14 5 7 6 8 5 10 8 3 6 14 7 13 10 6 15 14 8 9 11 12 4 7 6 3 2 9 10 10 3 12 10 7 4 6 7 2 7 15 15 11 4 7 4 5 4 2 11 8 15 14 8 14 5 9 10 2 4 15 4 6 7 11 10 4 5 9 15 7 3 9 15 7 6 15 15 6 6 2 12 9 13 4 10 6 3 7 2 9 11 7 3 10 5 5 11 6 8 10 5 11 3 2 5 4 15 10 8 13 5 7 5 11 13 5 4 15 12 14 12 11 15 8 2 11 6 15 14 12 8 7 6 7 5 15 9 11 2 6 9 9 8 2 6 9 9 11 12 10 15 12 12 11 15 3 14 6 10 11 12 12 8 4 4 9 13 12 2 6 4 3 2 8 5 10 5 14 10 4 3 15 3 3 11 8 12 2 12 4 5 9 15 3 15 9 2 10 5 8 11 10 4 9 2 4 9 9 5 5 12 4 5 15 3 6 8 4 14 8 7 3 9 11 3 3 4 14 14 3 13 3 2 5 6 5 12 6 4 6 8 15 15 9 7 13 15 12 9 9 13 14 3 9 15 7 2 13 8 12 13 9 2 14 8 6 15 12 14 11 12 9 6 6 15 12 6 6 4 15 7 9 10 15 13 15 2 11 10 3 8 7 5
73280 886830 232268 102936 390083 58560 482575 909006 397235 908933 533591 512829 585903 782226 680644 652950 341217 494404 802748 776149 828938 840663 902771 595757 77685 201470 31758 53928 55393 720955 789156 729780 463473 807584 443960 665193 913077 878597 730012 409822 679755 31127 767250 792369 556417 365478 686494 800832 644249 983134 574649 523709 106505 350554 46011 123671 55145 688168 290821 382173 3510 410692 930236 981748 807241 633902 522708 656495 637957 154345 8457 763564 617970 5230 73890 821247 876569 271688 360682 550034 464265 292718 362767 94623 800096 691809 192933 915483 924278 477183 891087 845519 83777 180843 408078 349252 518131 98976 384273 549717 517768 206813 283973 347066 630342 725303 661778 895501 598267 623858 706937 123127 274907 342370 800656 928993 869086 621950 562256 440367 69880 162181 653701 500836 889702 283390 100432 416007 951140 342788 430046 813734 136682 266466 983680 158737 980142 284930 955191 834425 333278 336956 595812 845570 426811 887288 774231 735368 741477 994358 312862 469528 313579 790577 784585 259031 238967 647182 810359 534236 600243 640305 49450 938879 847022 191640 798128 372801 760259 624422 901361 447397 806421 193487 218270 827627 408360 946340 841999 9647 124436 875275 519380 187912 819040 133459 85002 301676 96600 337520 686698 305220 89148 68762 417981 728118 969999 951876 81277 934189 739713 207128 614736 462388 506968 749741 159976 729429 335353 148547 466548 902499 839463 593343 740484 870539 17895 719246 376260 428237 474128 786703 626581 88416 69955 842637 446097 381555 302932 674764 683853 981262 997768 330794 701599 421595 33493 508262 5235 626546 642353 819596 386833 16366 878647 258340 818370 105618 950240 125942 341167 531863 153117 323001 871660 152045 73367 62026 226140 601998 269615 738478 548970 892786 67504 56188 362592 634268 848127 679741 285858 175391 44077 187724 355563 243816 559703 978861 335733 496889 643327 504245 16342 621529 782029 207765 441941 474262 371214 391027 437151 617299 854957 538781 735360 311542 151515 282689 131101 49629
117 245 45103
194 85 33371
108 107 26755
47 43 75021
103 23 71126
206 249 79007
193 259 36828
162 13 33674
164 11 51224
91 96 9346
68 99 8838
9 73 99785
71 90 29502
45 16 62276
47 163 57020
153 189 71636
21 191 65351
76 219 97009
282 98 70374
244 133 70856
192 92 50815
289 147 34253
43 40 40858
197 20 83198
67 108 84340
39 89 63569
69 297 21443
77 150 18189
174 177 46103
240 235 92531
115 271 52211
20 33 82552
148 254 15583
96 204 65438
5 125 43806
285 194 84212
184 108 73462
48 180 68806
137 73 66373
227 132 28246
38 190 24499
226 267 70745
254 216 65876
292 170 44310
144 53 64465
110 266 67466
178 188 25008
151 37 56108
273 170 479
34 239 52461
85 28 55748
268 26 49771
183 286 90270
158 40 99396
142 143 38421
27 50 44606
134 291 90148
74 264 48149
185 294 40541
273 198 21146
194 32 16751
50 168 80077
65 122 87408
54 1 35536
37 124 62646
258 261 32946
208 163 3095
288 220 2649
108 9 65965
105 232 28152
13 113 70400
219 75 26280
209 144 77804
296 123 38325
236 186 24186
10 194 37769
250 230 1906
284 3 78472
255 192 99236
53 162 20828
45 276 89047
45 160 93906
33 247 79815
291 206 48437
228 32 62095
119 111 35360
95 134 5147
265 299 69263
202 40 82450
251 273 56376
103 12 74770
129 288 15106
72 30 31256
29 73 15394
265 138 72108
281 141 51446
284 91 99015
60 159 477
91 50 25243
277 235 74081
40 57 37665
189 265 67456
104 205 42121
99 10 90947
182 96 64919
16 85 80081
145 32 43809
255 268 50446
287 263 26019
130 170 24189
22 81 32564
208 204 62138
55 51 63921
214 73 52070
3 116 74485
272 121 34126
121 246 13716
298 61 10737
293 140 13104
239 198 58649
259 183 66859
62 53 33581
286 49 49258
162 184 65756
62 115 68788
57 173 65366
187 159 83749
259 64 28601
44 98 11117
293 59 62839
66 228 53294
263 222 73761
217 254 14056
143 93 4232
66 223 12301
180 224 67127
290 226 37764
106 96 5025
216 161 64172
116 102 65734
272 267 78893
213 106 83554
281 118 40398
295 11 76560
225 47 61348
291 191 1660
208 73 99018
164 194 81468
137 188 80269
103 204 60697
183 244 9608
37 196 3904
2 138 5915
141 243 61173
197 47 28566
294 168 57693
74 232 21961
37 181 42338
265 293 83818
123 183 25088
263 152 96799
247 210 53958
185 244 79850
253 137 51712
93 163 27849
171 148 91824
107 100 53632
136 11 40195
167 135 92466
196 176 60043
39 104 77880
283 66 79652
253 260 53944
199 93 76552
262 253 88527
167 233 94589
89 220 6264
84 72 79342
156 67 84550
1 273 62230
293 87 59857
83 15 21561
276 266 21301
264 171 96145
90 106 70434
15 62 30777
115 235 89666
279 170 89691
166 1 53266
120 112 49965
256 60 52428
154 230 43185
237 15 10916
108 98 78284
176 166 84360
14 97 45682
195 261 46151
28 48 956
201 244 9404
69 113 84194
207 194 70658
65 129 19219
280 242 14704
194 12 73600
40 232 24696
272 34 29922
102 72 58283
72 18 39729
163 189 78023
271 56 51430
5 287 20719
134 10 13962
190 211 65242
121 65 65560
281 19 51708
27 19 68693
169 119 31048
255 130 7486
233 120 82127
275 41 93605
198 287 89492
198 31 12454
292 212 90633
223 60 69227
274 4 18284
68 269 191
113 129 62060
153 120 48304
172 268 67044
241 120 128
231 275 45616
41 5 6508
119 67 52322
33 250 34651
0 7 92888
225 261 21426
227 46 18975
63 249 71555
245 295 88237
233 242 96516
52 254 7197
234 205 351
33 114 18881
11 248 64269
131 185 52326
146 240 18717
10 278 51247
157 102 89443
131 149 24736
48 175 87001
70 61 53181
227 71 50705
77 268 40125
55 203 56758
51 299 4405
103 8 83350
79 216 49546
134 289 27664
115 190 68657
126 33 97226
274 46 97892
129 42 30682
115 109 69306
290 218 87398
35 228 73001
181 139 86638
270 110 32719
199 221 64288
25 287 47448
252 8 69250
97 286 51083
214 58 16538
36 241 97464
8 22 64197
58 6 13371
56 238 38639
75 68 5341
88 55 73118
84 257 60811
215 53 35800
120 155 10645
82 294 54654
189 179 99563
19 7 66668
298 225 54999
225 80 49939
240 127 99850
177 23 33769
278 94 22298
182 200 90926
41 186 92369
40 165 89535
60 128 88636
101 45 68208
86 22 34985
78 10 66500
229 265 82202
24 142 36184
17 271 66942
0 256 150 1
0 41 175 2
0 10 134 5
0 117 268 1
0 227 230 8
0 85 189 1
0 80 217 2
0 205 217 1
0 142 248 9
1 10 34 7
0 8 51 1
1 8 87 11
1 8 237 3
0 238 5 9
1 8 115 8
0 46 77 1
0 3 185 9
0 115 236 2
0 81 212 3
0 184 215 1
1 41 24 13
1 85 86 1
1 238 38 10
0 13 26 4
0 125 7 2
1 8 291 13
0 18 72 4
1 46 151 5
0 57 24 9
0 223 204 4
0 188 152 1
0 288 33 1
1 115 26 7
1 288 21 5
1 13 23 13
1 85 157 9
0 132 98 3
0 194 25 2
1 85 236 1
0 198 198 6
0 63 81 2
0 272 33 1
1 256 281 6
0 153 123 3
0 90 42 5
1 132 137 6
0 199 238 2
1 80 202 9
0 264 222 5
1 223 205 4
0 56 158 7
0 174 56 4
1 256 166 9
1 288 188 9
0 12 209 4
0 192 189 3
0 286 222 1
2 33 36668788
0 130 50 6
0 169 31 4
0 20 105 2
0 252 29 1
0 208 162 3
0 289 128 7
0 260 36 8
0 75 199 9
0 190 23 2
1 41 238 2
1 288 119 2
1 63 77 1
2 205 69223862
1 184 165 5
4 104642579
0 84 244 6
0 47 94 1
0 109 288 2
0 21 129 7
0 257 183 3
0 206 147 3
0 82 222 4
0 133 99 3
1 194 261 14
0 124 240 1
1 18 254 10
0 200 200 2
0 58 183 3
1 3 156 10
1 21 276 7
1 58 148 1
0 77 59 8
0 151 117 4
1 192 101 3
1 194 231 3
0 167 236 1
0 104 70 7
0 180 36 6
1 81 115 3
0 280 34 5
0 94 72 3
0 212 163 5
0 5 257 5
0 43 8 10
1 256 14 1
1 21 87 4
1 180 17 1
2 42 148915156
0 131 34 9
1 188 78 3
0 220 147 7
1 75 34 8
0 101 287 7
0 31 131 1
1 206 149 8
1 256 241 3
2 131 237657375
0 168 160 4
1 117 143 2
1 227 161 9
0 164 2 11
0 229 194 2
0 293 108 2
0 121 31 1
0 202 52 1
1 80 156 8
0 87 267 9
0 272 25 5
1 256 263 2
0 49 2 8
0 44 73 3
0 154 203 1
2 56 277288958
0 126 244 2
0 73 208 10
1 21 219 1
0 110 179 2
4 372501010
1 184 279 3
0 237 165 4
0 29 267 9
2 219 418621824
0 48 34 2
0 299 27 11
0 267 81 4
1 131 119 2
1 299 229 3
2 279 510627871
4 527653895
0 4 295 8
0 243 178 3
1 132 14 6
0 61 209 4
0 127 280 5
0 26 260 8
0 242 234 1
0 38 299 2
0 157 137 3
0 86 227 2
1 124 72 4
1 127 133 3
1 86 123 2
1 286 149 7
0 36 94 6
1 86 44 2
1 252 230 7
0 108 281 3
1 299 178 1
0 232 62 9
2 291 599451984
0 297 226 3
0 96 88 4
1 96 274 5
1 124 280 3
0 266 194 1
1 272 261 6
0 6 297 2
1 57 210 5
0 33 106 9
0 68 89 9
4 694768139
0 95 291 11
1 151 217 1
0 55 238 1
0 233 228 1
0 226 243 12
0 171 194 2
1 84 204 9
0 215 233 1
0 270 237 7
0 103 224 3
0 221 14 1
0 210 240 2
1 233 103 6
0 179 278 2
1 202 92 1
1 68 20 5
1 13 176 6
2 2 718383544
1 48 135 7
1 242 2 5
0 149 147 1
0 15 229 3
0 189 285 3
0 137 12 1
0 287 111 1
2 210 720861884
0 241 279 5
1 15 44 2
0 8 156 1
0 277 114 8
1 101 285 3
1 96 275 6
1 104 10 3
0 274 107 2
0 247 254 11
0 107 161 11
2 248 747653304
2 297 820207334
1 192 9 1
0 276 18 2
2 162 880119332
0 134 9 3
0 114 13 3
0 147 30 6
1 206 3 1
2 50 977008859
0 176 185 7
0 235 246 6
1 12 174 4
1 13 222 6
1 154 270 8
0 128 207 5
0 16 94 3
0 160 110 2
0 62 130 5
1 81 169 4
0 146 87 3
1 61 146 5
0 51 92 5
0 83 287 7
0 185 245 1
0 150 19 2
0 118 62 6
4 983299599
0 191 215 1
1 56 36 7
1 81 270 4
0 186 115 4
0 24 24 4
1 146 181 4
1 104 16 1
0 145 256 5
1 95 193 10
0 138 73 3
0 64 246 6
1 180 207 11
1 241 187 1
1 212 67 2
0 135 100 9
0 181 119 2
0 254 92 4
1 176 185 4
0 224 173 9
0 102 268 9
2 299 1012124056
0 290 0 1
0 97 30 3
0 130 29 4
1 97 58 14
0 31 252 12
1 200 136 6
1 215 143 3
1 243 84 3
0 253 288 9
0 161 193 12
1 47 283 5
2 100 1013958007
1 130 203 1
0 112 80 4
0 240 16 3
2 143 1042699839
0 184 175 1
1 26 257 2
1 247 222 2
0 231 28 10
1 128 265 2
0 66 212 2
0 195 170 1
0 71 156 9
2 275 1100400552
0 93 95 2
4 1122095767
0 255 69 7
1 58 248 13
0 135 106 6
0 53 45 1
0 67 38 2
0 148 89 8
0 70 87 3
0 281 78 4
0 37 229 8
0 50 280 6
0 155 276 11
1 145 158 10
0 182 49 4
1 182 44 1
0 60 275 8
1 231 56 3
0 230 50 3
0 268 120 4
2 130 1140004748
0 117 81 6
1 133 171 2
0 129 115 7
0 106 160 1
1 145 67 1
0 183 48 3
0 65 210 1
0 271 264 4
1 85 164 2
0 219 67 1
0 165 30 5
0 88 61 5
0 39 77 1
0 163 21 10
0 136 216 5
4 1205240974
0 211 248 2
1 147 261 4
1 83 68 5
1 224 284 1
0 34 24 4
0 249 212 2
0 275 184 3
0 215 135 7
0 25 160 6
0 251 71 7
0 120 51 3
0 35 138 3
1 20 143 6
1 241 87 5
0 0 26 8
1 150 200 2
0 248 112 4
1 268 63 3
1 286 216 3
1 254 11 5
0 209 138 6
1 103 218 4
0 234 103 8
1 67 94 2
0 156 206 1
0 258 37 1
1 232 270 13
0 74 117 1
2 280 1287320070
0 62 171 1
0 105 149 7
0 170 236 3
1 243 8 3
1 243 103 2
0 244 68 3
0 119 70 7
0 23 36 9
4 1385915992
0 59 264 12
0 123 271 1
1 106 270 12
0 52 260 3
1 238 135 1
0 116 47 7
0 113 189 3
1 12 210 7
0 141 116 1
0 54 243 11
0 50 41 1
1 281 12 2
1 46 57 14
1 125 99 2
0 96 91 10
0 72 201 1
0 42 106 3
0 140 22 6
1 277 269 1
0 217 212 1
1 130 99 2
0 45 120 5
0 158 258 5
0 236 142 13
1 104 63 2
0 49 16 1
0 214 194 2
0 228 44 2
1 154 210 4
0 175 266 2
0 262 229 8
0 204 200 1
1 102 167 8
0 294 20 7
1 84 237 11
1 74 109 1
1 108 101 2
0 139 55 9
0 291 123 3
0 245 10 6
1 288 228 2
0 38 267 11
0 292 125 3
1 217 220 14
2 37 1440277897
0 223 94 2
0 40 87 8
1 25 125 11
1 29 110 2
2 80 1488433891
4 1547920843
0 79 258 5
1 209 30 7
1 202 226 1
0 269 200 1
0 76 266 12
0 296 255 4
0 7 203 1
0 166 123 2
0 92 295 7
0 258 175 1
0 278 77 1
0 218 147 6
0 196 115 7
0 17 96 6
0 197 140 1
1 106 183 1
2 123 1589666818
4 1671929150
0 98 22 2
0 100 214 5
1 42 150 2
1 228 258 6
1 145 149 5
0 166 77 3
0 90 167 12
1 247 8 2
0 203 76 3
1 147 34 8
0 172 218 1
0 32 270 4
0 285 52 5
0 298 138 1
1 267 220 12
2 146 1725311824
1 286 240 4
1 171 268 8
1 113 104 5
0 295 3 1
0 99 25 2
0 78 293 2
1 56 189 2
0 208 19 1
0 174 263 2
1 208 130 6
0 30 45 1
0 89 223 1
1 51 91 1
0 201 117 1
0 152 73 3
0 6 247 3
0 112 165 3
1 63 65 1
1 106 244 6
0 159 245 2
0 216 221 3
0 9 203 1
0 27 165 3
0 69 75 12
0 14 140 7
0 162 123 3
0 291 175 2
2 116 1762178135
0 122 178 1
0 173 163 4
0 177 178 2
1 150 118 2
1 217 273 4
2 81 1851203777
1 184 173 13
0 1 219 2
0 284 106 1
0 11 292 5
1 11 181 1
1 234 112 4
0 19 252 3
0 263 25 1
0 178 285 2
1 168 189 1
0 261 126 2
0 143 152 7
0 21 130 7
1 238 264 13
0 22 144 10
0 28 62 4
0 279 188 4
2 265 1853691063
0 282 117 5
1 216 132 2
0 273 196 2
1 108 299 5
0 265 90 3
0 246 270 12
2 71 1917885377
1 183 70 7
0 239 43 3
1 132 72 1
0 222 34 8
0 111 80 1
0 164 50 4
1 222 202 5
1 258 190 1
0 2 286 5
0 187 160 2
1 150 239 2
0 250 57 15
1 281 184 3
0 193 173 3
0 283 40 5
0 124 195 3
0 144 237 12
0 142 146 2
0 57 120 4
0 91 238 3
0 213 204 1
1 166 42 5
0 207 219 5
1 140 34 7
0 259 296 3
0 153 280 6
1 30 214 5
0 225 76 4
1 58 63 2
4 1987884685
0 251 203 2
1 1 134 2
1 123 11 5
1 159 274 1
0 61 251 1
1 229 116 8
0 117 41 1
0 128 209 3
0 141 202 7
1 188 133 4
1 295 40 1
1 170 78 3
1 74 20 10
1 219 290 14
1 203 102 1
2 264 2045063447
2 178 2070371900
1 82 59 7
1 99 157 4
1 172 39 9
4 2170064995
0 59 196 2
0 299 177 1
1 299 40 4
0 122 7 2
1 90 271 4
0 271 150 2
1 227 160 9
0 177 219 5
0 238 37 3
1 152 217 7
1 207 262 1
1 72 282 11
2 285 2262338625
4 2322037499
1 40 101 4
1 46 41 1
1 286 286 12
0 101 281 14
2 290 2402527971
1 111 101 3
1 259 290 7
0 178 186 3
0 189 95 2
1 83 164 4
1 8 175 2
1 13 263 1
1 246 277 7
4 2496065687
1 69 151 1
0 219 36 8
1 174 190 2
1 241 290 6
2 152 2542466982
1 57 142 8
1 178 279 2
1 44 61 1
4 2616130807
0 143 44 2
2 104 2676420703
1 292 4 5
1 53 219 3
1 125 260 9
4 2711706192
0 113 19 7
1 22 114 7
1 270 283 5
1 263 112 2
1 73 174 10
1 265 232 1
2 70 2779333104
4 2798393162
0 183 240 2
0 119 75 1
1 207 129 1
2 107 2852112649
1 275 246 6
2 167 2858472993
1 231 198 9
4 2929040425
0 274 162 2
0 102 127 9
1 56 232 1
1 142 114 7
1 106 279 3
1 152 228 1
1 140 96 6
1 227 245 1
1 118 237 7
1 21 278 7
2 127 2951578693
4 3024791616
0 102 18 2
1 199 37 1
1 148 54 1
2 142 3068670817
2 230 3076880505
1 81 137 6
1 185 135 8
4 3162650363
0 252 297 2
0 57 125 8
1 151 156 6
1 108 55 10
0 236 156 4
1 141 183 3
1 269 273 8
1 222 45 1
1 287 250 5
1 291 264 1
1 270 56 1
1 246 53 2
1 124 181 5
1 290 184 2
1 242 138 6
1 155 111 2
1 168 46 12
2 281 3220596065
1 203 270 5
1 197 1 3
1 254 279 4
1 146 29 2
1 279 65 2
1 89 235 10
1 261 213 7
1 6 31 1
1 165 280 6
1 184 85 3
1 242 109 1
2 269 3260015394
1 272 169 2
1 241 25 2
1 180 256 9
4 3305503974
0 277 58 7
0 101 2 9
1 252 55 1
1 115 257 8
1 114 12 5
1 48 39 10
1 231 158 5
1 22 1 2
1 142 101 4
1 84 77 2
1 110 135 2
1 280 248 2
1 31 190 3
1 71 134 1
1 249 195 6
1 87 255 8
1 10 0 3
1 212 206 6
1 74 148 9
1 225 188 12
1 171 241 6
1 108 103 11
1 33 269 2
1 259 271 1
2 283 3353709902
2 103 3441978525
1 229 275 12
1 79 57 13
1 85 20 6
1 113 233 1
1 48 48 10
1 113 109 1
1 192 225 11
2 240 3488105367
1 207 53 4
1 118 225 2
1 224 92 2
1 22 209 1
2 195 3582949778
2 50 3682773936
1 182 234 11
1 231 115 8
1 141 289 8
4 3764287378
0 210 101 4
0 108 36 6
0 47 61 4
0 249 203 2
1 198 179 1
2 210 3767833216
2 162 3840796357
1 212 137 1
1 60 143 1
2 20 3863322470
1 287 167 9
1 48 286 1
0 233 56 6
0 230 174 3
0 243 279 2
1 277 189 2
0 183 124 9
0 164 6 1
1 247 271 5
2 163 3932332235
1 2 274 4
1 37 106 3
1 198 141 4
2 110 3941667943
1 254 185 3
1 71 186 3
1 153 237 5
1 66 13 1
1 18 146 3
1 281 24 4
1 289 128 4
2 184 4005560126
1 146 224 2
1 112 232 2
1 285 241 5
1 185 95 2
1 113 215 1
1 35 255 1
1 210 149 2
1 151 61 2
4 4034580549
1 239 214 7
1 169 5 14
1 50 225 9
1 190 36 8
0 12 252 8
2 63 4051508724
1 181 70 11
4 4097645192
0 274 117 2
0 85 118 2
0 173 281 7
0 268 59 8
1 46 296 2
0 154 246 5
1 209 116 5
0 65 81 3
0 160 61 3
0 104 196 4
0 29 233 2
1 280 64 1
0 58 175 2
1 296 230 2
0 294 200 1
0 290 233 1
0 68 80 4
2 183 4103591001
1 133 74 2
1 36 246 1
2 54 4178772849
1 15 179 2
2 241 4193884541
1 248 152 5
1 144 97 8
1 184 144 4
2 152 4253396880
1 299 93 1
2 266 4310169477
1 111 287 5
4 4330742219
1 146 127 7
1 247 77 3
0 257 240 3
0 285 288 1
0 248 290 10
0 171 293 2
0 76 125 5
0 148 270 3
0 175 260 9
2 175 4430479643
1 80 51 4
1 254 158 8
4 4500673944
0 8 211 1
0 58 252 13
1 272 90 2
2 22 4526394085
1 264 55 1
4 4625394656
0 98 65 2
1 210 125 1
1 72 211 1
1 285 67 1
1 286 274 9
1 264 298 7
1 95 124 6
2 255 4695350659
2 146 4721712710
1 13 18 13
1 108 89 12
2 252 4722790843
1 239 177 1
2 136 4818834831
1 222 11 1
1 277 109 2
1 142 38 9
2 233 4821589874
4 4828529675
0 290 141 1
1 152 188 7
0 18 172 3
0 12 160 2
1 165 271 8
0 35 193 8
1 250 136 11
0 29 10 2
0 58 183 1
0 200 39 3
0 19 120 6
0 87 237 6
1 267 29 4
1 183 117 1
1 13 99 3
1 87 12 4
1 246 54 1
1 20 167 10
1 140 139 5
1 154 233 4
1 220 160 9
1 99 63 8
1 67 211 1
1 272 86 2
1 167 194 1
1 157 165 4
2 158 4924654500
2 108 4942701611
1 109 239 2
1 206 82 2
4 4968661432
0 293 208 8
0 254 129 11
1 8 133 1
1 203 282 2
1 216 159 3
1 176 153 1
2 116 4986439300
1 134 75 5
1 187 216 1
2 289 5073839948
1 75 3 3
4 5096721306
0 209 276 1
0 141 26 5
1 34 1 2
1 116 261 4
1 232 103 7
1 129 183 1
2 69 5121779484
1 239 106 8
1 291 283 4
1 6 234 10
1 116 40 6
1 160 20 11
1 12 153 5
1 161 165 6
1 133 134 13
1 245 206 3
1 217 24 11
1 148 79 4
1 67 229 7
1 288 109 1
1 118 218 2
1 209 212 4
1 233 164 6
1 19 131 1
2 150 5192534851
1 272 187 3
1 174 66 1
1 103 73 3
1 56 24 13
1 240 29 1
1 288 216 5
1 140 28 6
1 242 199 13
4 5197357124
1 156 180 5
2 96 5290414077
2 5 5353817088
1 146 5 11
0 255 17 5
0 42 9 1
1 240 189 2
0 271 148 7
4 5406659383
0 17 201 14
0 169 221 3
1 53 239 2
1 215 171 2
1 204 75 7
1 180 211 1
1 58 64 1
1 182 5 9
1 156 11 4
1 77 265 8
1 117 279 3
2 65 5469270610
4 5540148760
0 63 177 4
0 279 55 9
0 98 202 9
1 217 14 1
1 75 208 8
1 157 122 1
2 282 5580585448
1 152 148 4
1 154 161 14
1 289 96 3
1 194 149 6
4 5653058619
0 203 33 1
1 39 28 4
1 172 68 6
1 284 170 2
1 166 270 13
1 238 277 2
1 73 237 9
1 97 27 2
1 202 23 1
1 92 164 5
1 144 183 3
1 62 226 2
1 136 167 6
2 248 5733854207
4 5804627369
1 125 147 6
0 211 49 2
1 55 157 11
1 66 24 10
1 78 219 4
2 161 5901201846
1 188 265 5
4 5936782670
1 102 136 3
0 107 198 9
0 154 102 4
1 69 218 2
2 238 5944805422
1 63 56 8
1 12 96 3
1 56 229 5
1 68 158 9
1 52 215 4
4 6024927324
0 41 15 8
0 91 250 7
1 136 79 9
1 169 259 1
1 223 69 4
1 220 201 5
1 129 259 3
1 261 153 9
1 21 97 9
1 112 75 9
1 298 110 2
1 143 256 3
1 250 81 5
1 83 37 1
2 296 6053129114
1 100 269 1
1 50 46 1
1 274 121 9
2 193 6111122517
1 91 280 1
1 276 32 3
