100 100 1000
6 9 6 15 12 3 14 8 3 14 5 4 8 12 4 11 15 15 14 7 3 7 7 9 9 15 14 5 8 12 2 10 6 6 15 2 14 11 2 8 9 13 10 15 6 9 10 11 5 4 15 12 10 12 2 3 9 9 10 2 12 2 13 15 15 9 11 15 12 8 7 10 8 3 3 8 13 13 15 10 11 15 4 3 15 10 10 4 4 13 7 5 11 4 15 9 5 4 15 4
160901 549513 534287 420313 358401 750865 580859 817248 461454 532288 912902 449150 575302 705884 597145 398818 469443 28920 525532 248195 689611 24514 488062 308559 874966 822300 307161 649144 803751 645285 390980 374934 205807 967347 235011 491145 234848 807636 907270 248680 1136 79957 5861 178808 683400 524432 794459 790975 190790 669525 99524 322482 168066 689754 719971 241214 114181 760892 190686 566533 627459 186515 400669 684240 385630 249721 124408 890675 789522 470647 571524 171419 418283 938682 407837 445984 267431 185390 340397 543958 74638 213894 922048 758661 48690 102477 703756 170300 471728 768782 638344 18364 349933 550307 283 193684 365975 566394 942154 949947
68 19 15076
14 51 21235
14 32 19757
89 5 21047
32 8 1765
89 56 42520
38 77 45296
36 29 80952
5 0 55773
43 8 7890
36 53 93518
48 71 75242
2 21 5104
65 66 55583
63 49 8691
81 72 61602
94 29 39028
61 3 6728
71 25 2626
74 43 50117
90 1 33609
66 74 5292
28 91 59787
49 95 99006
91 92 91621
30 87 92270
38 34 44322
1 57 63956
51 78 62185
49 71 98558
88 6 85134
65 16 73667
67 70 69326
85 26 18058
20 13 81405
86 87 2169
78 80 68072
16 93 62690
99 2 92823
0 83 10195
78 60 637
71 5 3113
54 87 40730
98 69 52325
25 81 88871
92 1 31133
63 38 28654
84 83 37577
11 38 89426
42 57 63626
58 64 99611
50 64 29106
22 65 55708
36 98 62375
31 11 29510
37 21 39297
51 59 64990
48 64 55841
32 42 8201
67 15 17146
96 48 98475
26 51 30502
5 78 47753
87 85 17249
9 96 28300
51 68 87641
8 15 88465
45 36 2459
44 51 4376
19 97 80927
57 18 5240
99 62 99737
10 13 20271
55 97 16024
7 97 30085
84 37 1980
24 85 85143
20 66 48701
18 3 18274
17 28 5278
33 28 5004
40 50 67706
77 73 27820
52 87 33071
94 82 64685
8 53 27907
76 88 18993
35 43 53967
41 3 81510
75 24 16362
25 79 26970
59 46 59054
13 88 26375
56 47 47699
23 81 96415
51 39 28987
12 93 36128
27 66 80485
4 50 1543
0 15 50 7
0 91 62 6
0 4 9 11
1 4 30 2
5 63 38 139723
0 47 72 1
0 49 21 4
0 61 38 2
0 12 13 6
0 27 16 14
0 28 98 7
0 67 90 5
5 19 97 537601
0 90 92 7
0 37 15 8
0 59 3 12
1 12 28 1
0 56 8 2
0 8 7 6
0 29 90 6
0 34 26 2
1 37 98 13
2 92 15565174
0 46 51 2
0 32 36 4
1 28 46 6
0 36 43 1
1 56 13 11
1 4 76 9
1 28 38 1
0 55 58 7
0 81 63 2
0 70 66 1
1 59 1 6
1 47 93 2
0 7 60 10
0 50 98 4
0 38 59 1
1 12 35 2
1 38 58 2
0 80 31 9
4 67865714
1 8 48 4
0 75 39 5
1 70 52 1
1 80 33 4
0 78 92 10
0 71 38 1
0 11 48 2
1 12 69 8
0 44 73 1
0 92 53 11
1 56 86 10
1 70 84 3
0 18 49 4
5 52 87 502243
1 32 22 7
0 94 62 13
0 6 94 8
0 83 83 3
1 47 16 8
0 95 68 12
0 96 89 4
1 37 19 5
0 63 46 6
0 43 31 7
0 25 96 5
0 90 4 4
1 71 60 10
1 55 68 10
0 54 8 1
1 50 74 2
0 66 73 2
1 78 71 8
0 62 49 1
0 89 31 6
0 76 79 2
0 85 35 2
1 46 23 1
0 10 39 7
0 33 15 1
1 12 35 2
0 5 13 4
0 64 1 2
1 54 16 14
0 93 95 8
0 84 35 1
0 24 31 7
1 36 81 13
0 40 70 4
1 95 68 11
2 79 158382404
0 58 50 5
1 33 19 2
0 42 32 6
1 47 72 1
1 75 34 10
1 75 14 3
0 68 87 2
0 17 29 3
0 69 88 2
1 37 33 2
0 60 41 8
0 65 38 2
0 13 24 6
1 71 81 6
2 21 188535269
2 70 213010515
0 73 42 8
0 79 48 2
1 59 85 3
0 9 42 3
0 19 23 2
0 45 79 6
0 87 76 5
0 86 9 10
1 71 61 2
0 52 80 6
1 56 68 5
5 92 1 614192
0 39 67 8
0 14 9 8
0 99 73 3
0 77 24 1
1 34 25 6
0 3 64 4
2 22 272548279
0 21 77 13
1 33 34 4
1 99 35 2
0 53 62 7
4 343740967
0 23 76 3
1 5 31 8
0 20 84 13
0 2 5 2
1 73 12 8
0 1 26 3
1 6 81 12
1 18 45 4
1 79 71 6
0 30 47 9
0 40 55 3
0 48 80 9
1 12 32 5
0 26 20 2
1 64 17 5
1 7 73 1
2 4 373637211
1 47 19 4
1 79 48 3
0 35 16 10
1 3 82 2
4 406705570
1 59 73 3
1 9 84 9
0 57 9 10
1 18 79 10
1 91 90 2
1 4 86 10
1 9 76 5
0 88 67 11
1 35 25 6
0 51 12 1
0 97 90 2
0 98 62 7
0 90 51 6
1 99 59 1
0 31 14 1
2 16 454554437
1 60 15 5
0 72 27 5
0 41 15 9
1 30 9 5
1 58 72 3
1 73 82 4
1 1 94 2
0 82 58 4
0 0 50 3
1 73 3 4
0 76 26 3
0 16 94 11
1 14 53 1
0 74 25 3
0 22 99 3
0 49 28 6
0 32 87 3
4 486049419
0 54 16 11
0 27 35 2
1 64 98 3
5 12 93 512253
2 9 578002456
2 58 635341162
1 72 58 9
4 635854691
0 86 38 1
0 57 97 1
0 30 77 11
1 71 18 3
1 0 33 5
4 725362524
2 82 812091312
0 82 46 10
1 56 71 3
2 48 847574255
1 7 14 2
0 38 60 11
1 5 20 1
1 10 26 5
1 44 12 4
1 21 10 1
1 72 64 3
4 934132491
0 8 23 3
1 87 82 4
0 79 19 2
5 99 62 278164
0 11 61 1
1 79 9 6
0 3 8 2
1 80 61 2
1 96 3 10
5 8 15 566839
1 28 89 1
1 42 83 1
1 61 78 4
1 36 39 6
1 77 57 5
1 89 10 4
2 86 988795398
1 73 26 7
1 46 3 2
1 71 99 4
1 70 3 4
2 74 1022346841
4 1063590861
0 50 47 8
1 11 75 4
0 4 9 3
1 38 55 1
1 30 91 4
1 20 74 1
1 1 44 6
1 76 25 8
1 28 35 1
1 50 44 1
1 67 93 2
1 76 36 2
2 67 1094636285
1 8 44 5
1 0 85 3
1 81 67 12
2 15 1106392856
1 11 73 2
1 85 55 3
1 17 32 6
2 26 1176324557
1 1 16 6
1 9 90 5
1 84 85 3
1 4 67 7
1 16 87 4
5 50 64 323540
1 17 38 1
4 1194534555
0 41 16 11
0 88 96 2
0 73 84 5
0 10 58 3
0 60 43 7
0 39 91 1
1 55 73 3
1 42 63 15
1 49 42 7
1 5 20 2
2 91 1272121280
1 21 23 3
1 94 92 1
1 16 59 2
2 25 1294757847
5 65 66 151868
2 76 1355706798
1 14 21 2
2 73 1448398563
1 98 70 2
1 62 42 3
1 90 71 10
1 26 24 4
5 37 21 403457
1 47 70 1
1 25 48 2
1 52 27 1
5 18 3 475154
1 93 35 1
1 97 34 11
5 58 64 569095
1 85 60 9
1 65 14 3
1 38 85 10
1 1 21 3
5 25 81 924424
2 10 1500045185
4 1582806232
0 23 66 3
0 55 92 5
1 13 12 5
0 34 88 1
0 74 1 9
1 57 86 9
2 55 1600553175
0 35 27 2
2 58 1600884112
4 1603007209
0 10 91 3
0 11 60 11
0 40 94 14
0 39 79 1
1 21 10 3
0 89 14 4
0 66 73 3
0 30 9 7
0 59 90 2
1 5 10 2
1 10 12 6
2 63 1641870157
5 98 69 426274
5 54 87 639578
4 1666712219
1 94 96 2
0 42 36 14
1 75 57 5
1 42 95 4
1 45 89 13
1 49 22 2
1 16 14 3
1 58 65 5
5 81 72 693447
2 71 1748047368
1 35 20 1
1 64 54 1
1 61 2 3
1 74 31 1
5 76 88 707924
1 85 56 3
1 49 36 4
1 35 71 5
1 9 15 8
1 82 70 2
1 67 64 7
1 48 15 11
2 27 1788993773
5 44 51 883720
1 87 0 4
1 6 48 4
1 26 59 2
1 53 38 1
1 65 43 5
4 1804898457
0 52 6 9
0 56 85 7
0 90 47 2
0 78 46 3
1 48 93 2
1 89 51 2
1 79 70 4
1 82 53 2
1 38 25 12
1 30 43 4
1 38 84 10
1 23 89 5
1 72 54 2
1 63 54 2
1 51 7 6
1 92 94 14
1 42 16 13
1 19 92 7
1 44 79 8
1 18 36 9
1 31 97 4
2 84 1883638680
1 9 4 5
2 59 1950476358
4 1970237148
0 38 94 10
0 26 70 5
0 99 62 9
1 67 34 2
1 96 36 4
0 73 82 2
1 85 29 3
2 65 2034208994
5 67 15 358180
4 2126664716
0 58 23 3
1 95 87 1
1 13 25 4
1 88 83 1
1 33 41 7
2 90 2147489757
4 2170728834
0 59 72 8
1 72 36 14
0 29 33 1
0 91 0 1
1 24 69 3
1 59 48 3
1 89 66 11
1 70 86 6
2 46 2177972941
1 73 16 5
2 86 2208030036
5 99 62 507573
2 5 2238077138
1 53 49 2
1 44 54 2
1 6 69 8
4 2277472630
1 68 10 1
0 70 80 4
1 60 7 6
0 78 64 15
0 2 6 14
0 57 83 2
1 4 88 2
2 35 2347581086
2 32 2376366072
1 71 90 7
1 69 37 3
1 92 78 14
4 2453978792
1 49 4 4
0 12 48 5
0 93 12 5
0 27 7 8
0 28 41 6
2 14 2547658982
1 14 9 8
2 53 2550343877
1 24 82 1
1 85 69 6
2 92 2563261678
1 4 57 5
1 97 25 3
1 13 96 1
1 87 75 5
1 80 19 1
1 63 47 10
1 71 92 4
4 2653320669
0 16 67 13
0 82 58 1
1 57 8 2
0 7 62 9
1 96 99 2
1 45 51 7
2 4 2684291436
1 20 40 7
5 14 32 279157
0 55 82 1
0 19 29 1
2 50 2700868313
5 36 29 331811
1 62 71 5
4 2704883070
1 90 58 10
0 15 53 5
0 9 82 1
0 49 45 6
1 77 63 9
1 99 79 6
1 49 62 7
5 49 95 854988
1 97 70 6
5 51 39 86170
1 10 52 1
1 35 2 5
1 77 43 14
2 62 2733567318
4 2797180586
2 66 2838190676
0 49 38 2
0 7 94 5
1 81 49 2
1 32 14 2
1 96 88 4
1 62 46 2
5 49 71 998385
5 75 24 254741
1 27 80 6
5 87 85 765222
4 2877176491
0 89 47 7
1 77 57 5
1 50 55 3
1 87 22 2
1 32 91 3
1 75 2 3
1 20 51 3
1 91 2 5
1 65 23 9
1 83 8 2
1 97 87 4
1 66 12 8
1 38 80 11
5 31 11 124371
1 7 81 8
2 6 2899884019
1 26 70 2
2 7 2975210800
1 22 85 6
1 69 30 2
1 32 10 4
1 45 9 5
1 97 56 5
1 36 60 10
2 56 2991917317
1 72 51 9
1 36 39 4
1 9 24 5
4 3068754112
0 51 76 3
0 97 82 3
1 71 44 2
0 52 59 2
0 60 65 7
1 36 73 2
0 2 67 3
1 27 6 11
1 78 87 4
5 8 53 127219
1 46 40 5
2 44 3095974476
1 44 14 1
2 47 3168649641
1 11 31 4
4 3266948694
1 17 96 5
0 71 46 7
0 63 73 1
0 8 52 2
1 16 17 11
0 89 38 2
1 53 46 10
2 55 3344160715
1 27 16 1
5 23 81 80132
1 86 7 5
1 86 76 1
1 62 4 4
1 21 26 14
1 94 95 7
1 78 44 5
1 84 82 4
1 59 94 3
1 43 1 4
1 42 20 1
1 64 41 8
1 66 43 4
1 96 56 8
1 71 89 2
5 24 85 299285
2 49 3387804077
1 59 70 1
1 25 27 1
1 63 53 9
1 22 59 1
1 58 59 2
1 17 8 3
1 80 37 11
1 98 35 1
1 6 36 5
2 44 3470980187
2 48 3543804745
1 45 61 2
5 14 51 974726
1 44 96 1
1 71 59 1
1 99 84 6
1 5 81 13
1 13 10 2
4 3573377333
0 78 78 14
0 50 94 3
2 76 3573568053
0 12 96 2
0 81 79 8
1 68 64 1
4 3657744048
1 38 81 13
0 86 26 10
1 6 27 4
1 61 53 5
0 51 12 3
2 80 3659395990
1 32 95 2
4 3709891377
0 70 53 11
1 31 56 1
1 67 62 6
1 38 38 2
1 24 24 7
1 56 23 7
1 89 64 11
1 17 45 4
1 4 16 5
2 43 3742660161
1 60 4 7
1 73 38 1
1 48 69 6
1 37 33 5
1 10 78 11
1 57 55 3
2 26 3756079452
4 3850936114
1 53 26 11
0 30 99 4
1 38 7 6
0 86 70 3
0 66 46 3
0 21 88 1
1 23 68 10
1 1 34 4
1 99 65 3
1 89 60 5
1 91 37 1
1 76 53 2
5 57 18 92866
1 1 40 9
1 64 51 9
2 22 3929921013
1 78 49 1
1 7 47 10
1 7 0 3
4 3985740203
0 87 52 1
1 87 43 14
1 92 23 2
5 52 87 984758
5 51 68 159526
5 20 13 122175
1 22 92 7
1 84 38 1
1 55 42 10
5 51 39 853377
1 44 61 2
1 85 42 3
1 17 93 3
1 97 12 5
2 60 4067519434
2 69 4163448852
1 34 5 2
1 15 54 1
4 4245823572
0 48 88 4
1 98 16 13
0 89 92 4
1 86 75 7
5 48 64 515541
1 67 6 13
1 27 44 2
1 58 48 2
2 7 4290657998
1 99 9 4
1 69 99 3
1 91 15 5
1 47 21 5
4 4294185479
1 73 55 2
1 88 92 10
0 38 7 4
1 46 68 3
2 67 4356078540
1 41 24 6
1 34 35 1
4 4407095558
0 2 46 2
1 82 15 5
2 37 4441516740
2 20 4525439643
1 53 2 2
1 56 33 5
1 71 65 9
1 86 92 6
1 63 32 6
2 16 4528243009
1 27 70 4
1 1 92 3
1 72 81 8
2 53 4573073963
1 33 53 2
1 23 78 4
2 6 4638543055
2 48 4679127359
1 68 75 3
1 92 75 1
5 40 50 149406
1 88 24 1
1 95 67 10
4 4723526104
0 61 76 8
0 67 69 4
0 54 24 9
1 90 49 3
0 76 31 5
0 42 81 15
0 58 37 8
0 98 52 8
0 80 67 9
1 45 26 4
0 70 7 8
0 4 86 5
1 69 35 2
1 60 62 13
5 99 62 979631
1 43 21 1
1 38 65 3
5 45 36 71766
1 8 1 7
1 59 41 10
1 69 82 2
1 85 26 10
1 39 2 4
1 72 28 8
1 25 80 9
1 65 77 10
1 25 96 4
1 6 77 8
1 72 66 10
2 8 4823280987
1 41 87 1
1 35 96 1
1 59 10 4
1 37 99 3
1 62 62 2
1 53 38 1
1 91 5 2
1 67 35 1
1 5 43 8
5 20 13 190746
1 10 82 4
1 2 2 6
1 30 97 3
1 44 11 4
4 4881298659
0 83 86 6
0 3 14 4
1 47 4 9
1 78 59 1
1 36 97 1
1 42 72 2
1 36 97 2
1 35 85 5
1 70 11 3
1 17 10 4
1 64 70 4
1 83 86 8
1 86 50 2
1 34 8 2
1 78 63 12
1 71 14 3
1 47 68 4
1 20 65 2
1 92 41 1
1 88 69 7
2 41 4933077848
2 69 5015332357
1 23 38 2
1 61 53 3
1 51 89 10
4 5020641078
0 88 26 14
2 12 5021337092
1 85 45 4
4 5114093489
5 51 59 398245
0 28 78 2
2 55 5123477146
0 93 0 3
0 92 81 4
0 97 49 4
1 62 46 5
1 44 44 6
1 69 64 10
2 21 5129595505
4 5147727233
0 73 32 3
1 44 79 10
0 57 99 1
0 43 76 8
2 36 5160311711
2 33 5189784839
4 5265088199
1 40 93 2
0 18 91 4
5 4 50 287840
1 26 44 1
1 60 2 2
0 56 63 14
0 29 34 9
1 0 49 4
1 60 30 2
1 6 25 15
1 63 54 1
1 86 3 15
1 23 24 5
1 38 39 7
1 16 55 1
1 2 84 6
1 14 26 5
1 85 32 2
1 6 18 6
1 84 72 2
1 96 92 8
1 3 3 14
1 75 52 9
1 36 95 3
5 25 79 338103
1 0 46 6
1 49 89 5
5 12 93 154870
1 10 78 6
1 78 77 6
1 96 91 2
2 5 5296647574
1 44 30 1
1 81 4 2
5 24 85 155536
2 63 5319359404
2 64 5352792816
1 22 56 1
5 63 38 106108
1 26 11 3
1 72 78 1
4 5385433268
0 69 54 1
1 43 33 4
0 91 42 3
1 95 31 1
0 56 85 4
1 40 69 5
1 89 65 8
1 13 96 5
1 66 59 2
2 43 5458266505
5 88 6 38005
1 21 43 2
4 5533832488
0 5 67 13
2 81 5618232910
1 45 25 8
0 87 69 8
1 47 72 8
2 38 5685744553
1 1 99 3
1 95 5 3
1 13 4 1
1 66 19 1
4 5769579015
1 49 81 10
0 53 39 2
1 68 70 6
0 92 46 7
1 99 86 5
1 64 15 2
1 0 78 11
1 25 16 13
1 43 93 3
1 57 5 1
1 53 33 4
1 10 84 7
1 40 16 13
1 86 26 12
5 50 64 774313
1 3 70 5
1 52 85 8
5 27 66 700573
1 61 46 4
2 4 5795559507
1 97 79 10
1 42 53 8
1 75 76 12
1 97 8 3
1 3 71 4
1 78 2 5
5 18 3 546848
1 99 81 11
1 69 7 8
1 68 34 3
1 74 54 1
5 31 11 14223
2 87 5893345413
1 60 48 2
1 51 80 7
1 27 69 8
1 24 28 4
1 43 87 4
1 83 42 4
1 73 21 2
1 90 14 1
1 15 1 1
1 12 57 7
4 5984070481
0 81 15 11
0 13 48 4
0 41 58 9
1 79 99 3
1 55 18 9
2 7 6055592874
5 77 73 499768
4 6089829279
0 69 5 1
1 37 27 2
2 33 6110475944
1 1 20 2
1 9 58 10
1 48 68 10
2 69 6189431858
1 97 26 7
1 88 56 7
5 32 8 683699
4 6267835749
1 22 29 12
1 1 69 6
1 69 27 5
0 87 33 2
0 53 46 2
0 27 60 4
1 37 38 2
5 41 3 107086
1 62 53 2
1 45 8 3
2 99 6299384395
1 31 35 2
4 6304673713
0 79 65 8
1 6 61 2
1 27 80 10
1 63 12 6
1 53 24 4
5 59 46 275934
1 40 33 1
1 69 67 3
1 51 90 2
2 86 6333236746
1 48 23 9
1 50 57 4
5 91 92 18093
1 75 5 2
4 6391396577
0 4 83 2
1 18 77 13
1 35 93 4
1 33 25 6
1 86 14 1
1 30 56 7
1 38 28 7
1 25 40 2
1 65 11 4
5 4 50 981033
1 33 70 4
2 84 6399404125
4 6496971767
0 10 84 14
1 23 86 9
0 2 55 1
1 25 6 11
1 66 8 1
5 89 56 533826
1 83 22 6
1 26 58 8
1 94 75 6
1 18 54 2
1 8 20 2
1 94 37 10
1 43 46 4
1 17 27 4
1 69 78 2
1 35 11 1
2 54 6541814761
1 32 88 3
1 58 9 3
1 21 99 4
1 42 4 11
4 6561673933
2 99 6573116514
0 74 47 1
5 5 78 747464
0 18 1 4
1 80 37 8
1 7 82 3
1 44 49 4
1 93 50 10
1 69 14 4
1 63 48 5
2 2 6652442018
1 55 5 1
1 17 22 6
4 6698898164
0 78 20 3
