100 100 1000
5 14 8 4 13 2 12 3 6 9 6 4 13 14 5 13 12 2 15 10 8 5 7 12 11 11 5 12 10 10 12 7 5 15 13 12 9 7 11 4 12 14 12 4 6 8 8 14 13 2 9 3 4 7 5 2 6 3 13 4 13 9 14 7 5 15 3 2 14 4 14 4 5 14 14 15 5 10 3 14 7 3 15 7 13 11 10 9 8 15 11 7 11 8 11 15 3 9 11 7
774238 753343 517291 618875 245684 796256 58502 49471 267292 301319 828664 454191 394980 508961 243050 382208 863997 386120 821530 125141 855069 529176 861648 340963 384612 531213 166977 212721 785167 6126 170710 354065 121181 737083 397751 528153 431966 672613 891112 738315 646405 333812 593763 644615 90334 46092 767739 520078 889090 880132 396456 876326 824363 807770 162586 868329 775168 315788 16879 37658 961547 367353 687720 44431 832446 854671 177579 980416 849863 344148 587271 956337 636282 312030 382753 400572 227105 573865 294370 882552 319799 387547 4715 874920 660223 844734 634486 697146 975347 971019 428438 332296 305133 670960 759348 679433 982345 6515 766428 774957
4 18 86808
95 83 88235
16 27 25190
31 70 83731
6 98 9541
68 5 65906
93 71 31467
34 8 70932
72 4 33929
29 83 85173
31 25 48359
2 27 60375
91 15 73470
70 30 19613
95 57 50121
13 96 78913
70 65 7210
11 12 51126
13 56 64824
84 92 22046
30 13 32314
25 54 39479
82 51 14066
59 74 27021
36 77 56436
10 29 92465
81 95 44320
86 37 94882
86 18 49724
79 23 62827
92 9 45729
60 93 1827
43 68 45604
67 32 86107
13 68 59475
48 10 50674
40 76 59989
46 1 21758
10 4 43731
86 64 73450
93 16 30431
71 84 46726
37 60 60642
76 8 52241
3 59 92538
73 84 94270
11 25 19760
47 77 21320
62 93 53238
24 63 66208
84 32 15670
70 46 938
6 47 63204
33 17 99562
91 36 62198
90 20 7405
86 45 45590
87 94 25778
24 47 32690
30 41 26211
85 23 57150
95 25 58515
50 10 26308
16 77 79626
75 40 64432
95 38 38066
82 49 32166
33 61 77226
26 69 25450
11 61 72928
98 28 50410
89 80 22054
91 44 76776
75 35 97140
82 81 80350
79 36 34034
75 69 46348
85 94 87140
49 52 1472
55 25 83448
89 76 2484
22 2 66693
24 39 69087
53 51 30503
80 93 77773
7 0 64929
26 59 57585
25 42 25563
20 99 63440
12 14 22020
15 97 91981
27 90 4390
0 54 84933
66 48 74161
51 78 48316
68 21 23371
88 98 64141
58 90 19131
58 19 83942
0 56 76 5
0 69 50 5
0 13 85 11
0 77 85 3
0 88 40 11
0 10 60 12
0 1 63 5
1 13 96 1
0 40 82 10
0 42 6 11
1 42 53 6
1 88 71 3
1 13 92 9
2 53 29350203
0 68 75 10
0 87 67 1
0 99 54 3
0 75 16 4
0 51 40 10
1 75 90 6
0 45 87 6
2 87 116602830
0 2 45 2
1 2 99 6
0 37 62 10
0 66 41 5
1 2 51 1
1 99 4 13
0 0 60 5
0 52 80 6
0 54 60 9
0 6 11 3
0 63 53 5
1 2 66 2
0 64 0 3
0 80 20 6
1 87 26 5
4 149191329
1 2 49 1
0 55 28 5
0 76 78 2
0 61 76 3
1 76 53 5
0 16 57 1
1 16 27 9
0 20 54 2
0 53 8 1
0 72 83 7
5 48 10 895162
0 31 62 12
0 14 96 3
1 63 86 3
2 60 175689971
0 38 76 2
0 58 36 4
0 91 80 6
0 47 77 4
1 72 16 7
0 97 55 2
0 46 77 1
2 55 271749896
0 26 11 3
0 28 14 1
0 67 48 1
1 6 85 5
1 55 76 1
0 43 69 3
1 64 21 5
0 93 4 5
1 76 56 1
0 70 38 10
1 14 14 1
0 79 88 1
1 63 66 1
1 69 69 1
0 83 20 1
0 15 31 7
0 7 29 9
0 48 21 3
0 62 97 7
1 14 97 2
1 91 51 2
0 90 22 4
2 77 341609076
0 34 42 9
0 8 56 4
0 78 44 4
4 352466623
0 42 15 8
2 49 376941577
0 33 12 9
0 39 66 2
0 96 78 3
1 39 69 2
2 97 475502569
0 94 44 3
0 22 80 1
0 10 18 13
0 92 76 3
0 89 81 2
1 33 43 4
0 36 81 3
0 9 85 7
0 73 20 1
4 485866650
1 52 38 2
0 47 33 5
0 23 77 10
0 2 3 2
0 54 64 5
0 5 47 6
0 21 27 12
0 12 68 14
1 80 87 1
1 39 5 2
0 0 48 11
2 8 584854558
0 57 87 2
0 25 7 2
0 97 30 1
1 40 50 7
1 90 36 8
0 62 68 3
0 45 28 7
0 29 5 2
0 81 0 5
0 27 58 5
1 39 6 1
0 82 30 11
0 84 78 2
0 85 36 4
1 29 11 1
0 65 85 1
1 87 39 3
0 41 19 7
1 43 9 2
1 64 19 5
2 88 670718102
1 9 87 8
1 68 7 1
2 44 740907916
0 86 3 4
1 2 57 2
1 90 67 2
1 20 65 14
0 71 72 2
2 42 819356548
0 50 96 2
1 20 24 3
1 66 50 8
1 45 17 2
0 74 83 4
2 16 874332601
4 921021325
1 38 68 3
0 24 11 2
0 44 71 2
1 27 75 14
1 80 1 4
0 49 32 2
0 11 63 5
0 35 59 1
1 2 98 10
0 18 79 5
0 14 86 8
1 86 19 10
0 98 29 2
1 66 28 9
1 0 68 10
0 59 67 1
0 32 53 1
0 79 75 11
0 60 50 2
0 72 49 2
0 95 96 2
1 7 63 7
0 46 78 2
1 33 32 1
1 35 34 7
0 94 39 4
0 3 32 3
0 53 59 1
0 19 34 8
0 17 52 2
0 78 3 4
0 30 2 7
0 4 71 4
0 34 69 4
1 35 21 1
1 97 66 2
1 5 61 2
1 89 31 7
1 48 66 1
1 44 76 4
1 17 63 2
1 52 71 1
2 66 974718862
2 27 1071010786
1 24 55 1
4 1071838392
0 97 24 2
2 14 1110377071
0 63 41 1
0 48 78 1
0 21 6 4
1 57 73 12
1 6 74 10
1 84 10 6
1 45 31 6
1 32 86 7
1 38 65 14
2 51 1116069482
1 82 92 6
2 20 1188460586
1 54 22 1
4 1228619384
0 16 17 2
1 23 42 10
0 73 94 8
1 24 33 2
0 83 66 3
1 38 99 7
0 28 12 7
0 91 67 1
1 22 39 2
1 62 96 3
1 82 71 2
1 94 10 5
1 29 67 2
2 59 1264127824
4 1274758645
0 53 79 5
1 69 94 9
1 53 81 3
1 35 1 14
1 83 32 3
1 26 41 2
1 20 15 7
1 66 19 7
1 38 34 6
1 38 36 7
1 28 5 2
1 92 54 2
1 83 48 5
1 67 38 9
1 78 92 4
1 45 97 6
1 62 79 14
1 74 52 1
1 38 32 5
1 39 47 14
5 58 90 624241
1 44 53 1
1 86 27 4
1 19 23 6
1 16 44 6
1 53 43 4
1 12 3 1
1 51 77 2
1 99 33 13
1 30 12 7
1 18 71 2
1 43 5 2
1 83 55 1
1 39 66 2
1 29 88 1
1 86 90 3
2 18 1342545118
1 67 83 2
1 27 50 6
4 1344402196
0 10 86 2
1 98 72 4
1 57 66 1
2 32 1440427109
1 25 30 6
1 80 70 3
1 42 54 5
1 51 67 1
1 42 90 10
1 79 69 4
1 51 16 8
1 66 59 4
1 67 69 1
1 18 42 7
1 12 43 3
4 1471035084
0 3 19 4
0 33 67 1
1 30 72 4
0 49 36 3
0 38 54 1
1 52 9 8
1 59 22 2
1 4 87 7
1 44 2 8
1 79 16 7
1 23 69 1
2 6 1566950020
4 1574026667
0 21 65 9
2 36 1658281981
1 39 68 10
1 33 79 13
2 50 1660042418
1 88 46 7
1 98 38 4
1 95 20 5
2 39 1665074999
1 43 47 8
1 30 41 4
1 53 58 6
5 22 2 42753
1 70 70 12
1 0 14 1
4 1751832827
1 23 83 6
1 54 23 8
1 2 46 6
1 28 35 6
0 27 85 8
1 0 42 12
0 49 57 3
0 85 42 2
0 22 78 2
2 33 1767319163
0 60 45 8
0 87 69 1
2 90 1819456798
0 40 75 7
0 58 76 3
1 78 94 4
1 10 20 6
1 1 83 2
4 1824285507
0 86 86 10
0 99 92 7
0 75 99 6
0 47 97 2
1 64 97 6
5 37 60 150707
0 42 81 1
1 86 78 3
1 11 54 3
0 24 83 4
1 12 71 3
1 58 81 1
1 74 98 11
1 79 7 2
1 41 16 10
1 25 79 1
1 91 99 3
5 75 40 227061
5 13 68 384158
1 56 71 3
1 34 42 11
5 86 45 805478
1 16 18 14
1 34 13 12
1 58 3 1
1 97 18 9
1 82 0 1
2 7 1833353412
1 45 57 2
2 98 1889808295
4 1960391206
1 70 83 1
2 35 2059037170
1 50 51 3
0 68 32 2
0 74 30 6
0 79 20 6
1 88 31 5
1 37 50 5
5 24 39 903750
2 61 2112275543
1 3 48 11
1 76 87 3
1 63 61 6
1 63 90 3
1 6 10 6
1 19 53 5
1 61 19 8
1 38 77 5
1 71 93 8
1 82 38 2
1 62 72 5
2 69 2181766427
1 63 90 10
5 43 68 171519
1 19 69 2
2 76 2281457818
1 61 74 5
4 2372454301
0 55 95 15
0 87 69 1
0 28 62 1
1 73 92 6
0 5 30 2
0 67 40 7
2 71 2392845143
1 82 49 2
2 93 2439025633
1 21 58 9
1 43 7 3
1 0 5 1
1 89 18 1
1 20 76 1
2 56 2484421383
1 0 66 1
5 10 4 183133
4 2494433839
0 8 49 2
1 5 59 4
1 83 99 3
1 41 42 7
1 90 65 12
0 56 77 5
1 5 31 1
0 12 95 6
0 71 36 4
1 85 76 3
1 85 83 1
1 14 95 4
1 74 47 11
1 57 24 10
1 57 62 2
1 17 30 6
1 6 7 2
1 88 99 1
1 78 29 5
2 58 2524722627
1 41 11 2
4 2601049297
1 9 12 9
0 21 70 4
0 53 64 1
1 4 45 5
1 46 70 1
1 75 84 3
1 17 58 1
2 16 2669762786
1 6 26 5
1 85 18 10
1 27 27 5
1 90 82 14
1 31 10 1
1 90 15 13
1 46 82 15
4 2751074490
0 51 70 10
1 60 11 3
1 3 3 4
1 20 21 1
2 83 2793035113
5 12 14 612651
2 66 2862719946
1 77 49 2
1 19 64 3
1 41 80 7
1 25 50 2
4 2866068674
0 24 80 1
1 69 0 5
0 1 55 1
1 73 96 3
1 37 92 7
0 0 68 12
1 74 20 4
0 70 62 3
0 23 72 3
1 78 28 6
2 1 2943136250
1 89 84 11
4 3010285199
0 35 80 3
1 0 24 2
1 37 60 6
1 86 78 1
1 71 46 8
1 18 94 5
5 6 98 380842
5 13 68 402670
2 38 3032435848
1 16 68 3
4 3091271767
1 27 77 4
0 98 30 4
1 58 3 2
2 32 3159592427
2 79 3159883114
1 74 64 4
1 97 58 8
1 77 82 7
1 15 56 4
2 28 3164129339
1 50 14 5
2 55 3168047018
4 3197494100
2 9 3290613566
0 78 44 6
0 33 18 13
0 1 80 1
0 68 39 4
1 53 63 3
1 26 67 2
5 62 93 212756
1 78 57 2
1 26 16 8
1 90 70 8
1 20 77 9
1 71 33 1
4 3388349399
2 99 3456982445
1 33 44 5
4 3514603501
1 65 3 3
0 83 77 2
2 30 3516357340
0 52 54 1
0 88 93 1
1 47 81 3
0 91 57 2
1 23 78 3
2 4 3605760065
2 60 3622877334
1 50 61 7
1 40 24 2
2 46 3700130951
1 64 90 7
2 72 3716630865
1 39 84 5
5 91 44 947222
1 34 63 2
4 3743883478
2 16 3826420186
0 98 87 4
0 62 41 6
4 3906428428
1 36 37 6
0 26 42 11
1 70 60 12
1 81 44 1
0 93 10 1
0 2 88 3
0 37 19 9
1 30 0 4
1 79 5 1
1 2 98 1
5 29 83 682728
1 43 36 1
1 81 35 3
2 49 4003861522
1 52 58 12
1 75 21 3
1 27 88 6
2 22 4092765204
1 95 73 4
1 74 94 7
1 49 39 1
1 55 84 4
1 28 46 3
2 10 4190071988
1 95 5 1
1 70 68 1
1 22 83 6
2 54 4280572979
2 82 4287996029
1 48 55 2
4 4325582984
0 84 77 7
1 53 39 4
0 11 94 6
0 77 63 3
1 83 98 1
1 77 32 1
0 72 57 1
0 94 94 10
0 92 65 12
0 8 59 3
0 93 91 6
1 76 89 15
1 93 53 2
0 59 46 4
1 89 37 3
0 46 28 7
0 82 64 1
0 31 78 1
1 98 32 3
1 49 30 12
1 58 93 3
1 17 32 4
2 23 4418637240
4 4500325436
0 54 52 2
1 52 54 1
1 57 70 12
1 9 49 1
5 3 59 830764
2 19 4554427827
2 80 4609244513
4 4671382521
0 41 96 3
1 76 20 7
0 35 71 2
1 32 49 2
0 37 46 5
1 84 54 5
0 1 19 1
0 24 70 7
1 63 32 5
2 0 4673548371
4 4755556166
0 69 73 4
0 30 49 2
1 5 65 14
1 90 92 11
1 10 88 6
1 60 36 6
1 33 92 4
1 30 83 2
1 77 84 6
2 65 4850645751
1 95 70 4
1 83 85 7
1 29 7 1
1 62 35 6
1 29 60 12
1 80 26 3
1 39 61 1
2 69 4950442922
1 70 56 3
1 55 48 10
1 86 84 9
1 19 14 4
4 5006991876
1 19 77 1
1 93 90 3
0 87 30 10
0 92 30 2
0 5 30 11
1 74 36 2
1 81 50 7
1 10 74 12
1 49 63 2
1 39 67 2
1 22 1 3
1 51 80 4
5 86 45 467826
1 26 31 4
2 55 5039487875
5 86 18 93084
1 95 87 3
2 1 5088968771
1 66 66 1
1 38 7 1
1 6 73 6
4 5169592934
0 48 27 1
0 22 83 5
1 39 30 10
1 89 76 1
1 17 72 5
1 84 82 14
1 39 83 5
1 49 92 2
5 93 71 857742
1 19 18 12
2 58 5184191399
1 87 57 3
1 57 35 5
1 28 12 13
1 34 20 4
1 26 79 2
1 48 75 5
1 24 53 7
1 67 40 12
1 60 98 2
4 5239478297
0 97 27 3
1 14 76 4
1 28 93 6
1 93 78 2
2 46 5294118042
4 5333399108
0 59 80 6
0 37 2 2
2 28 5423140292
5 70 46 109686
2 94 5431779412
1 57 10 4
4 5512017960
1 73 99 6
0 11 66 2
0 46 49 2
0 18 97 7
0 94 13 3
1 1 11 1
1 28 7 3
1 60 11 3
1 28 40 1
1 33 63 6
2 77 5570682190
1 72 56 2
1 79 24 3
4 5649713851
0 20 47 8
0 56 10 3
1 32 95 10
1 68 58 11
1 40 23 5
2 76 5709133128
1 96 38 8
4 5777883808
0 14 42 4
1 45 40 4
1 3 41 1
0 89 94 8
5 25 54 25750
1 19 26 2
1 29 24 11
1 31 91 1
1 93 95 4
1 6 12 10
1 23 83 5
1 93 77 10
1 9 40 6
5 59 74 720832
1 37 63 1
1 69 24 6
1 60 81 1
1 71 86 5
1 19 30 10
2 47 5829734267
1 65 30 6
1 98 48 12
1 44 95 7
1 92 27 2
2 81 5845066320
1 95 2 3
1 66 4 6
1 21 97 2
1 14 46 3
1 13 89 14
2 40 5860511921
1 75 75 11
1 39 58 10
1 85 27 6
1 12 81 2
4 5904444400
2 46 5981546331
1 90 25 9
1 63 93 3
0 28 45 8
0 60 73 6
4 6009321500
0 67 34 13
1 55 89 4
0 20 82 3
0 14 26 1
0 42 12 10
2 25 6021852947
0 47 22 6
0 45 46 6
0 9 5 2
1 97 23 7
1 58 17 1
1 42 76 3
1 20 10 5
4 6055435287
1 29 36 3
0 90 11 4
1 99 64 2
1 83 18 1
5 84 32 383034
1 90 56 6
1 97 7 3
1 69 0 3
1 24 23 4
2 68 6142254717
1 45 19 3
1 34 78 2
1 76 36 4
2 41 6161116947
4 6223406617
0 16 87 9
5 22 2 413146
0 3 63 1
2 91 6313431695
1 15 6 11
1 38 74 3
2 90 6360098401
1 22 99 5
1 25 62 11
1 5 37 1
2 73 6365791022
1 84 16 7
1 27 26 5
5 86 18 748453
1 19 92 3
1 23 4 8
1 65 22 5
1 24 66 2
2 11 6426746166
1 94 69 2
2 19 6510245062
1 18 71 1
2 61 6521845641
1 71 89 10
4 6550543488
1 9 28 9
1 52 76 2
0 64 27 8
0 1 29 5
1 27 22 2
1 97 86 3
1 38 94 10
0 50 79 8
0 60 4 9
0 31 40 3
1 48 45 1
5 16 27 955667
0 45 64 3
2 36 6650275344
2 64 6721331950
2 39 6757942561
1 17 44 6
1 14 79 4
1 14 87 1
4 6769375060
0 76 90 5
1 33 72 4
0 45 69 1
0 53 97 2
1 44 65 1
1 58 51 3
0 43 7 1
0 74 95 15
1 28 25 9
1 45 23 11
2 65 6805103831
0 99 85 3
0 82 81 3
0 29 75 4
1 61 70 1
1 90 2 7
1 89 66 2
1 19 27 8
2 49 6860073237
1 84 96 2
1 52 27 3
1 64 96 1
1 37 63 7
1 67 1 1
1 36 13 1
4 6901159965
1 71 97 9
0 44 82 10
1 13 20 2
0 46 14 2
1 36 57 3
1 41 70 14
1 82 96 3
2 76 6973815554
1 9 23 7
1 57 34 12
1 85 91 7
5 10 4 516740
1 64 76 2
1 16 79 4
1 80 5 1
1 93 52 3
1 82 16 4
1 92 74 5
2 45 7012717760
1 12 97 3
1 49 42 10
1 94 83 2
2 72 7095314852
4 7139759774
0 42 40 4
1 80 7 1
1 0 24 10
1 71 3 1
2 94 7151252775
0 4 8 2
1 65 25 8
0 48 1 14
0 33 37 4
1 91 62 2
1 41 24 1
4 7230399293
1 77 50 4
0 38 95 6
1 42 45 8
5 36 77 210941
5 16 77 928010
1 60 3 3
1 88 93 2
1 78 90 6
1 89 23 7
2 45 7321079541
1 29 6 11
5 62 93 116073
1 87 64 1
1 82 28 3
1 92 99 6
1 60 43 2
2 14 7352907835
5 13 68 480543
2 93 7395298782
1 40 17 1
1 44 90 9
1 77 71 2
5 91 44 825544
1 59 83 4
1 57 19 1
1 73 33 6
2 80 7397000332
1 3 63 3
1 15 96 3
1 50 29 7
1 35 46 8
1 36 12 2
1 47 74 12
1 44 44 5
2 83 7430306248
4 7452871884
1 45 39 3
0 42 85 9
0 46 82 7
0 63 17 2
0 30 44 4
0 94 28 10
0 51 5 2
0 59 23 9
0 88 62 14
1 82 27 7
1 5 72 4
1 45 69 2
1 63 82 10
1 78 48 2
2 33 7468095939
2 42 7488905347
2 38 7550112286
4 7578103657
0 49 32 5
0 96 95 3
0 73 41 12
1 94 96 2
1 32 67 1
1 83 86 4
1 17 34 6
1 75 74 14
1 86 89 5
1 94 79 8
2 86 7667050137
1 26 61 9
1 99 9 9
1 36 85 5
2 69 7710866825
1 15 7 1
2 19 7748723368
1 94 92 4
1 36 78 2
1 4 82 11
5 30 13 609770
5 95 57 532147
2 95 7824841443
1 94 26 4
1 20 21 2
1 27 85 9
2 82 7837567110
1 20 17 2
1 99 76 3
1 9 28 1
1 28 94 10
4 7838809383
1 10 11 2
2 11 7910477487
0 96 43 4
5 27 90 179440
0 45 9 2
0 97 40 5
0 74 57 2
0 63 84 5
1 17 72 4
0 57 18 13
0 83 43 4
1 0 32 4
0 4 16 7
1 75 18 6
0 46 8 2
0 38 60 13
1 65 27 10
1 14 2 4
1 98 36 4
1 8 75 11
1 70 71 1
5 93 71 240812
