100 100 1000
4 2 9 9 14 14 4 8 7 9 2 14 3 2 7 14 5 7 6 15 15 5 6 5 3 3 2 2 6 4 15 9 7 12 11 6 11 11 2 14 2 14 14 13 14 4 14 11 5 11 12 9 8 2 2 3 12 9 7 12 9 5 13 6 10 6 9 8 9 15 14 4 14 15 10 9 9 8 8 14 10 12 14 13 5 6 12 9 10 15 4 6 2 9 2 3 14 9 12 12
899565 40723 718950 105687 869461 448143 251131 790608 412909 898527 188121 646048 671362 353922 260241 631116 261476 870268 953244 318345 657074 817454 119766 206214 892443 424500 253010 741933 42842 805539 622420 960815 865312 822791 716150 615381 385772 884353 238226 793852 87233 616280 727299 436442 912831 808169 716324 298657 873081 663593 866342 499609 805335 384261 825454 278298 310201 506145 811508 913051 446618 267865 235483 550360 812456 357597 583749 724372 544316 362152 465724 702827 241077 693519 997139 643985 700333 208734 954898 839708 938503 537624 105553 422596 879840 802786 987814 955939 447957 568390 455224 996785 20832 468787 700075 786541 23299 532024 394979 127291
9 98 2360
3 26 17516
62 83 20605
59 52 45343
31 33 95786
34 95 49688
27 3 7718
45 28 89425
57 69 6626
76 48 92733
2 91 3023
6 43 41701
25 17 55238
99 41 21770
31 7 2228
54 87 52175
79 30 74896
13 70 15600
97 31 84689
37 96 19363
72 64 56892
25 2 81561
27 20 99670
8 31 52262
4 40 39669
49 32 57996
94 96 3758
97 23 89780
93 36 14787
57 64 91348
89 57 78483
74 53 11405
53 11 21797
99 57 61435
68 72 3972
79 4 86581
34 85 97369
12 51 29673
44 7 98135
96 80 40111
45 12 88066
61 14 77243
24 28 68519
18 96 36272
45 10 83194
44 57 84610
34 92 30911
12 66 58760
25 7 77887
52 40 35436
90 99 49276
53 56 76630
12 92 36242
19 43 65430
59 7 61551
93 49 21432
78 10 1685
86 75 6764
52 43 34070
95 61 68847
13 86 50912
60 66 8900
66 97 48544
49 79 63252
38 52 69764
39 11 88501
65 14 53549
68 81 79059
20 65 26256
17 18 38528
13 17 54039
50 44 25329
77 71 39927
67 41 22095
29 18 58609
46 91 5979
41 77 6343
87 0 96328
75 9 78949
39 33 55222
0 75 64667
35 97 61482
51 62 96449
16 38 19178
15 69 91357
63 70 65339
37 48 48017
43 5 62300
82 72 62329
80 42 13313
65 21 3929
54 47 38537
58 30 85794
35 84 63413
81 1 8983
68 55 10904
73 43 70783
22 26 99565
88 43 28327
0 46 20 7
1 46 40 1
0 32 43 9
1 46 95 1
0 12 30 8
0 4 9 1
0 88 74 9
1 32 30 9
0 10 86 12
0 44 47 6
0 80 43 13
0 83 13 1
0 25 26 2
0 49 37 6
0 74 26 2
0 29 58 4
0 40 48 3
0 90 1 2
0 91 74 10
1 49 21 1
1 74 36 5
5 13 70 75060
0 6 28 5
1 90 68 7
0 19 2 5
0 79 80 10
1 90 12 2
0 2 18 2
0 9 7 1
2 36 54134415
1 49 86 3
1 90 38 2
0 39 91 3
4 77633460
0 34 46 14
5 18 96 586401
0 69 23 2
0 60 41 9
0 75 53 1
1 34 99 7
2 86 162961414
0 81 89 5
1 75 9 9
1 81 4 3
0 70 55 3
0 53 17 4
4 187179567
1 53 31 2
0 28 10 1
0 14 2 2
0 92 70 10
0 24 74 9
0 77 89 6
0 1 94 2
1 90 88 8
2 89 227624198
0 15 26 2
2 2 313835296
1 46 87 2
4 402353955
1 32 4 6
0 13 53 2
0 64 43 12
0 76 98 6
0 84 91 5
1 40 51 5
0 51 66 3
0 30 41 5
0 36 97 3
1 1 54 2
0 85 42 9
0 94 99 11
0 98 24 1
1 24 54 2
0 27 17 1
2 91 411375402
0 21 44 13
4 467545130
0 48 95 2
0 14 91 2
1 64 72 2
5 65 14 79015
0 19 44 13
0 63 0 1
0 5 71 2
1 76 70 11
1 63 22 3
1 44 80 10
0 54 2 6
0 77 19 4
0 20 37 6
1 13 60 7
0 84 23 4
1 53 3 6
0 58 74 10
0 62 91 3
0 96 61 2
1 79 90 3
0 17 21 1
0 52 82 10
0 59 82 14
0 35 85 6
0 67 34 8
2 99 540392108
2 55 601851770
1 98 89 2
0 16 13 2
0 71 57 4
1 71 6 1
0 23 16 4
0 82 38 1
4 683549515
0 94 24 2
1 64 75 1
0 10 54 1
0 93 95 3
0 56 49 11
5 72 64 539153
1 81 81 9
1 92 60 6
0 78 46 4
1 59 51 8
0 22 95 3
0 86 51 5
1 6 3 6
1 98 47 3
1 76 7 5
1 83 40 2
1 56 94 2
0 8 98 11
0 70 21 1
0 72 63 4
0 0 89 12
5 54 47 595915
0 26 97 2
0 65 49 6
1 93 60 6
0 39 4 10
2 43 726161414
0 99 37 5
1 90 78 2
0 34 79 14
1 58 81 5
0 55 68 3
0 95 0 1
0 66 8 6
1 93 16 5
2 37 733429901
1 81 12 1
0 18 64 10
0 11 67 7
1 62 68 8
0 7 19 14
4 735429298
0 80 26 2
0 49 98 11
0 33 92 1
0 20 84 4
0 61 16 4
0 37 39 1
2 8 769327398
0 31 83 6
0 3 41 12
1 95 98 12
1 18 21 3
0 45 30 2
0 50 20 5
0 43 77 1
0 41 30 2
0 38 3 8
0 42 82 13
1 53 63 3
0 57 56 4
5 59 7 428960
0 73 54 1
1 22 13 2
0 89 97 3
0 87 14 1
1 32 81 9
0 68 13 1
0 74 82 12
0 99 15 2
0 47 78 1
0 97 57 9
4 776239596
0 66 36 3
1 9 20 9
5 68 72 440916
1 24 52 6
1 3 49 2
1 37 15 5
1 99 20 2
1 61 0 4
1 89 89 4
2 80 840752902
4 932168721
0 44 37 3
2 4 947811883
1 25 3 1
2 57 962747832
1 73 16 1
1 3 75 7
4 1034637112
0 39 13 2
1 49 50 2
2 71 1084676937
1 2 58 5
1 80 23 1
0 97 74 9
2 38 1131708638
1 7 74 6
1 20 12 2
1 20 88 6
1 81 12 3
1 96 78 3
1 62 52 2
2 67 1206856702
4 1281064178
1 71 74 10
0 82 47 6
1 19 19 10
5 68 81 584887
0 11 8 2
0 5 42 10
1 57 57 2
1 2 79 12
1 46 27 2
1 35 56 1
2 12 1321797804
2 47 1371284194
1 67 37 9
1 23 71 3
1 48 37 3
1 94 0 4
1 85 56 10
2 17 1443630152
1 69 99 11
1 16 76 5
1 32 72 5
1 52 99 10
1 99 13 1
1 52 80 1
1 15 7 3
1 93 58 4
1 86 46 6
1 62 59 10
1 37 49 5
1 97 48 1
1 29 62 10
1 0 2 8
4 1454162888
2 72 1539952239
0 81 62 2
0 27 44 7
0 98 56 12
0 82 93 1
2 20 1637838432
1 26 60 7
2 89 1730597125
1 35 27 1
1 15 16 1
1 58 81 11
1 46 53 2
1 3 68 8
4 1804651100
2 14 1805738800
1 93 40 1
0 89 14 7
0 50 81 2
0 32 53 1
1 3 49 2
1 95 20 13
1 76 34 6
0 9 1 2
1 38 74 4
2 78 1846791477
4 1883491805
0 47 56 6
1 8 8 3
0 96 91 5
1 44 6 4
0 87 15 6
1 14 75 6
0 90 15 3
1 57 39 3
1 13 47 3
1 61 95 3
5 68 55 453749
1 58 82 5
5 6 43 688096
1 92 71 1
2 93 1891942123
1 65 91 6
2 59 1990386303
2 6 2019678008
1 66 52 4
2 34 2053556582
1 15 64 10
5 13 17 103370
1 5 64 4
2 99 2104402402
2 92 2166293166
2 51 2207488775
2 75 2223721799
1 9 86 3
1 35 25 3
2 62 2279035991
1 75 12 1
2 21 2341605013
2 46 2436132026
1 52 48 4
1 79 17 3
1 13 6 3
2 82 2454972756
1 34 47 3
1 97 26 1
1 39 94 1
4 2492574744
1 87 51 5
0 14 87 2
0 64 69 15
1 68 53 2
0 44 63 1
5 44 57 117513
0 74 23 5
0 81 71 4
1 87 60 5
0 29 53 1
1 16 71 4
0 40 32 2
2 88 2582671094
0 17 63 1
1 29 17 2
0 42 0 2
5 4 40 884771
4 2623880253
1 57 78 8
0 33 45 2
1 37 22 1
1 63 14 3
1 23 47 2
1 60 44 3
2 41 2684285551
0 62 17 2
0 82 46 11
0 18 23 5
0 76 68 2
0 70 73 12
0 69 9 8
0 78 99 6
0 86 46 7
2 52 2715720788
0 58 46 10
0 59 76 4
0 20 96 12
1 43 54 1
2 96 2729033509
1 58 86 1
1 55 32 7
1 37 41 10
5 9 98 915219
1 68 79 10
1 1 11 14
4 2801237574
0 66 73 7
0 30 49 10
0 24 99 10
1 6 18 2
0 20 57 1
1 11 90 3
1 99 41 3
2 10 2885935225
1 26 13 2
1 4 69 8
5 25 7 312981
1 64 69 1
1 1 14 5
1 34 98 4
1 16 41 2
1 29 15 14
4 2891708300
1 31 66 2
0 28 48 3
2 94 2955398326
1 94 85 2
4 3043631114
1 70 19 8
0 56 41 10
0 39 58 5
2 44 3083660260
1 22 66 6
1 88 82 7
1 38 44 2
1 38 20 3
1 25 69 11
2 15 3171708503
1 7 18 1
1 79 80 2
1 65 39 7
1 93 76 8
1 32 12 2
5 59 7 678340
4 3185031484
0 27 77 2
0 60 81 8
0 29 2 4
0 21 57 5
0 90 19 5
1 56 53 2
2 6 3270810530
1 2 5 8
5 54 87 149929
1 76 13 1
2 19 3325157174
4 3330287961
0 13 74 3
1 7 38 1
1 0 39 10
2 56 3394311247
0 70 10 2
1 8 52 4
1 17 52 2
0 90 95 3
1 29 54 2
0 19 22 1
0 77 49 3
1 24 77 2
1 60 12 3
4 3488442651
0 47 2 4
1 25 95 2
0 85 4 10
0 98 48 5
1 0 26 2
1 81 90 1
1 24 82 2
1 31 49 9
1 60 94 1
1 29 22 4
1 5 9 6
1 58 36 8
5 45 12 169618
1 98 3 1
1 69 4 13
2 45 3552469167
1 4 83 4
1 97 17 2
1 92 49 8
1 8 53 2
1 67 29 3
1 1 99 12
1 20 48 1
1 15 99 8
2 23 3594626174
1 35 88 1
1 21 83 3
1 60 44 9
2 52 3629208137
4 3633545095
1 29 38 2
5 68 72 486923
0 17 75 7
0 74 17 3
1 8 49 3
1 10 73 4
1 35 49 8
0 84 2 7
0 33 93 3
1 32 30 13
0 18 53 1
0 80 80 9
1 53 69 9
2 58 3730379847
1 9 78 8
2 60 3784929769
4 3825831331
0 87 87 4
2 13 3919642745
0 39 5 9
5 62 83 750002
1 20 80 6
4 4010136412
0 26 7 6
0 76 2 8
1 49 23 1
1 8 92 1
1 7 17 7
1 21 12 1
1 17 14 4
1 97 52 7
1 51 49 9
1 96 28 6
1 79 61 4
1 65 46 8
2 97 4048882585
2 3 4059346054
5 49 79 185357
1 30 19 12
4 4125282540
1 12 71 3
0 36 64 9
1 35 88 6
2 64 4218299049
0 98 2 5
1 97 78 4
4 4237179481
1 33 2 9
2 85 4316828863
0 36 52 6
1 79 87 6
1 15 44 6
1 13 88 7
2 37 4332356510
5 73 43 462320
1 87 70 9
1 63 38 1
1 77 87 8
1 0 51 1
1 30 14 2
1 64 45 1
2 16 4410529644
5 39 11 538711
1 0 18 1
1 53 93 7
1 26 82 2
1 97 30 8
1 74 9 7
5 12 51 71231
1 80 86 4
1 34 39 11
1 59 50 1
1 80 8 3
4 4449174908
1 53 73 7
0 73 49 11
0 48 88 3
2 40 4506909692
5 27 20 294229
0 94 10 1
5 46 91 544944
1 19 45 1
2 54 4589084370
4 4633412034
0 43 60 3
0 83 76 8
1 77 84 1
2 5 4696792139
1 8 46 13
5 20 65 246314
1 74 75 7
1 34 34 1
2 82 4746602270
2 0 4835488424
1 3 2 2
1 91 55 3
1 37 12 2
1 82 29 2
4 4927828715
1 62 91 1
1 62 19 7
0 88 80 3
1 91 34 10
0 39 96 14
1 0 94 1
1 20 41 7
0 2 48 3
1 13 3 9
1 59 73 7
0 42 10 2
0 26 21 2
0 24 9 1
1 55 64 6
5 54 47 67049
1 78 61 1
1 32 27 2
1 72 53 1
1 58 89 1
2 88 4947413355
4 5038382861
0 48 59 3
0 35 83 1
2 49 5045599235
4 5049576096
2 95 5114821784
1 23 16 3
4 5210496065
1 36 32 6
0 61 69 5
0 90 80 10
0 92 72 4
0 31 98 1
1 50 6 3
0 25 85 6
2 38 5213426413
0 51 24 3
0 73 40 1
4 5214269304
0 29 99 4
1 98 81 1
2 27 5276537264
0 63 59 11
2 66 5346395662
1 45 22 1
1 46 52 7
4 5362056940
0 32 28 6
1 48 30 14
1 92 69 1
2 22 5418001242
0 22 72 3
1 89 1 2
4 5423637577
0 45 5 12
1 63 69 1
1 94 45 2
1 15 66 8
1 57 66 7
2 81 5509268322
1 35 21 4
1 1 41 11
4 5531985182
0 98 10 2
1 7 16 4
1 78 74 8
1 24 7 6
1 1 59 12
1 60 89 2
1 34 7 5
1 79 21 3
2 79 5588328195
1 92 71 1
1 20 16 2
4 5641139087
1 58 98 2
0 68 78 2
5 13 86 535723
2 98 5738592252
1 40 82 2
1 79 84 5
4 5836124247
0 31 49 1
1 86 61 4
1 0 54 1
2 24 5903025026
0 58 35 2
1 4 85 4
1 8 89 12
1 4 15 7
2 82 5913510372
4 5946296802
0 40 34 3
1 63 99 5
0 51 89 7
2 64 5964184294
1 10 14 3
1 59 25 2
2 90 6022935344
1 57 5 12
5 6 43 375644
5 49 79 602226
1 26 5 4
1 20 3 8
1 57 17 6
1 38 14 7
1 26 33 6
1 30 74 4
1 18 3 2
2 17 6040471309
1 94 46 12
1 66 67 4
1 22 93 1
1 90 97 3
1 34 75 4
2 9 6069382127
1 18 25 1
1 80 40 2
2 59 6078469183
1 47 7 3
1 85 38 1
1 38 74 6
5 45 28 668093
5 90 99 911420
5 17 18 52369
2 33 6165504136
2 16 6252560291
1 87 42 8
1 39 71 3
1 21 58 5
1 91 11 14
1 95 48 2
1 4 33 2
1 44 71 3
1 21 98 6
4 6314314451
1 61 89 10
1 86 37 11
0 5 18 3
0 23 77 8
0 81 42 13
0 1 11 8
0 55 27 2
1 42 49 6
1 10 57 7
0 7 83 1
0 26 27 1
0 11 18 2
1 8 45 4
1 71 67 3
0 57 36 5
1 73 97 1
1 4 82 14
1 15 57 8
1 91 78 5
1 11 50 1
1 50 79 13
1 42 31 6
5 39 33 197795
1 52 94 1
2 52 6367480707
1 3 65 6
5 12 66 55628
1 70 85 5
1 38 22 4
1 7 6 3
4 6437010979
0 46 72 5
1 68 60 1
1 78 32 2
2 5 6465193606
2 32 6479567613
1 31 10 1
1 69 76 9
1 75 45 1
5 65 14 548646
5 37 96 237193
1 11 17 3
1 91 69 2
1 70 56 7
1 43 90 1
1 57 3 6
1 85 9 2
4 6488109699
2 42 6545693965
0 36 71 4
0 45 94 2
0 78 32 1
2 74 6626170474
2 76 6706879754
1 18 21 3
5 74 53 722930
2 77 6724093230
1 2 52 6
1 91 36 4
5 13 17 262031
1 12 62 10
1 12 49 7
1 8 92 2
1 96 39 8
1 36 86 10
5 49 32 133205
1 71 36 6
1 53 46 6
1 50 25 1
1 79 45 4
1 59 75 4
4 6787341283
1 67 87 7
0 93 32 5
0 23 14 5
5 34 95 517858
1 14 7 8
0 27 15 14
2 17 6830834639
0 83 90 1
2 65 6834467957
0 30 83 6
2 94 6847221739
1 83 44 8
0 87 98 11
0 81 95 3
4 6921355327
0 11 64 6
1 44 79 4
1 48 3 2
0 69 18 2
0 45 65 6
2 1 7004665977
0 52 39 11
1 80 39 3
0 3 47 10
1 68 91 5
2 46 7102701397
2 57 7109761531
1 97 38 2
1 2 86 12
1 33 12 3
2 91 7206144718
1 41 60 9
1 2 45 3
1 97 95 2
5 39 33 640701
1 5 93 5
2 21 7266909967
5 34 85 325192
1 11 95 3
1 63 47 6
5 94 96 290387
1 64 28 5
2 78 7357651695
4 7385503731
0 9 2 1
1 90 17 4
1 82 85 2
0 94 35 3
0 35 66 2
0 89 10 1
0 15 28 2
0 10 66 1
0 65 42 11
0 68 77 5
1 43 55 2
0 18 78 2
1 6 86 3
0 53 48 1
1 24 64 4
1 97 41 1
1 55 6 3
1 41 76 9
1 69 83 6
5 53 11 610277
1 82 51 9
1 89 21 4
1 52 40 1
1 62 54 1
1 49 26 2
1 29 54 2
1 25 87 2
1 89 39 3
1 63 19 3
1 90 78 5
1 73 36 9
2 79 7447476673
4 7470644105
0 44 60 2
2 83 7567260688
5 19 43 293892
4 7592296562
0 30 99 4
0 69 89 5
1 11 95 2
2 93 7633055048
1 16 92 1
2 41 7705888607
1 61 32 5
1 88 17 5
1 31 94 2
1 71 25 2
1 93 98 9
1 31 74 7
1 20 27 1
1 89 55 2
2 12 7800118445
1 41 45 3
2 19 7854423796
1 34 36 9
1 55 65 3
5 74 53 549148
1 82 77 4
1 11 59 2
1 90 34 6
1 57 65 4
2 82 7873514353
1 34 47 2
2 77 7900972219
2 54 7906802333
2 66 7955211912
4 8024962997
1 98 62 9
0 82 60 6
1 6 36 1
1 58 43 10
0 29 28 1
0 68 75 5
0 22 78 8
0 5 37 2
0 63 50 4
5 8 31 443345
1 28 57 5
1 34 30 12
5 9 98 970242
0 62 45 3
1 17 14 5
1 83 54 1
1 9 83 1
2 56 8041224333
0 37 51 8
1 48 38 1
1 1 12 2
2 9 8141065657
1 1 60 6
0 33 91 1
1 51 65 5
0 99 63 6
0 97 45 4
1 69 99 11
0 4 86 7
0 0 16 1
0 35 23 3
0 10 39 3
1 2 96 3
4 8144353070
0 85 76 2
0 70 67 1
1 51 58 4
1 6 76 5
1 67 45 3
1 67 92 1
1 57 43 13
1 92 25 2
1 50 91 1
2 60 8207848616
2 67 8209505204
1 51 73 10
1 20 22 2
2 57 8296846252
2 71 8395128709
1 87 61 5
1 7 67 5
1 85 50 2
1 88 47 8
2 96 8426861470
4 8479548663
1 83 47 6
0 1 17 2
0 2 99 5
0 28 80 9
1 62 89 9
0 66 18 4
0 44 95 3
1 94 89 11
5 3 26 63874
1 7 97 5
0 39 13 1
0 70 88 8
0 82 10 1
1 82 18 3
1 75 13 2
1 51 31 9
1 24 2 5
1 63 15 4
2 3 8569690291
4 8626829257
0 13 90 1
1 5 31 4
1 42 22 3
1 85 96 8
1 89 42 9
1 2 88 9
1 40 4 10
2 59 8672377377
1 91 35 5
1 53 89 9
1 10 54 1
1 10 69 3
1 27 1 2
1 59 94 2
1 67 63 4
1 95 91 5
1 57 53 2
1 50 51 5
1 78 6 4
4 8690454565
0 11 66 8
2 87 8752714357
4 8763170314
1 93 43 7
1 16 95 3
1 46 6 1
0 25 70 4
1 81 18 1
1 7 96 5
2 78 8794145147
1 89 53 2
4 8835228021
0 18 10 1
0 22 54 2
1 71 60 9
1 20 58 4
1 84 3 2
1 98 12 3
1 31 25 3
1 43 73 1
1 57 32 3
5 44 7 790435
1 15 79 9
1 8 99 6
1 84 49 2
1 51 1 2
1 84 36 4
1 16 84 3
