100 100 1000
10 10 9 9 5 2 2 8 10 9 15 8 3 2 5 5 14 15 8 2 3 14 6 7 8 10 13 9 9 9 8 14 14 13 3 14 4 14 6 15 12 11 4 10 10 7 9 5 12 5 15 13 4 12 2 2 6 12 8 11 4 9 8 8 5 6 12 3 4 11 11 9 15 3 11 4 13 2 4 2 15 5 12 10 10 13 3 14 3 3 14 10 14 5 8 4 8 6 3 3
812419 36946 805663 959690 95651 418940 907832 560115 778454 144871 352613 768592 502551 887285 152411 749580 759809 993479 39593 74392 373723 16761 451657 89629 410251 133263 665221 672526 560216 57246 186078 975455 463858 971897 518830 821477 810170 902712 814857 913696 150635 493220 995489 204924 844764 941613 856065 556503 327134 398202 215416 739984 391281 477448 6508 878534 518007 649894 793870 557806 725736 68389 614305 286468 453846 980392 137731 609436 9133 483345 718330 832250 904930 245873 404192 509953 565094 907222 668913 486241 538809 870056 354866 352123 503037 285474 110890 557884 803059 122049 823884 938362 637006 805292 340792 705423 578789 995972 302085 645893
79 23 45658
18 27 94246
2 99 60880
62 83 7551
62 76 78330
28 91 98784
94 25 78694
29 95 76586
54 48 33491
75 29 79242
25 24 19740
58 70 10205
84 27 51132
98 85 74050
93 7 99305
53 25 44566
46 86 94577
27 88 58070
44 12 59363
1 41 62677
8 81 39364
39 49 73676
9 85 81808
93 28 3158
30 91 96260
77 47 56556
69 34 68871
97 43 68576
16 40 3697
49 96 89857
90 75 12734
76 5 74461
76 25 8704
7 21 73223
33 55 18566
6 22 45258
21 80 75869
34 33 41075
38 15 69727
44 39 34519
88 74 47253
28 51 63218
79 52 89809
58 31 83230
17 71 21155
99 12 8430
86 17 81030
36 21 79577
67 16 5070
73 61 33141
62 46 48286
88 6 93502
21 56 65135
19 7 36906
9 59 31274
38 90 56999
6 20 87991
26 46 91483
8 88 6607
49 65 37799
80 12 85612
73 54 67377
7 87 45296
80 29 412
34 85 51489
1 74 87834
36 67 92995
99 92 69874
76 44 42365
35 31 11377
53 63 64585
10 43 15636
26 18 85039
28 97 63385
85 40 42480
60 37 89021
79 68 28925
83 47 1597
77 72 80026
3 0 46499
7 23 86748
33 78 9916
35 85 23185
83 73 19542
60 38 78578
14 10 61722
59 66 77923
40 82 91020
32 75 17114
70 89 17959
5 45 70439
3 79 65415
11 99 61612
64 79 26567
50 62 11468
42 21 15298
13 81 5004
86 4 14901
31 57 56530
0 28 55 1
2 55 90278580
0 23 83 10
5 7 87 705746
0 8 52 1
1 8 32 7
0 36 58 1
0 13 95 4
0 35 11 7
0 45 28 6
0 74 84 3
0 86 0 2
4 116317498
1 86 49 4
0 62 47 3
0 22 57 3
0 5 65 4
0 16 17 8
0 76 11 5
0 10 65 1
1 86 40 8
0 60 64 4
0 32 7 4
1 74 51 7
1 35 83 7
0 30 31 10
1 60 2 2
5 73 54 17794
1 23 16 7
0 70 61 6
0 58 57 4
0 4 92 8
0 94 85 10
0 68 63 5
1 45 7 2
0 49 95 3
0 47 36 3
0 59 1 7
0 77 43 4
1 22 61 6
1 49 40 8
0 95 98 2
0 63 33 12
2 33 209701684
0 73 70 1
1 35 26 2
1 86 76 1
0 48 41 9
0 83 42 4
1 16 45 3
1 48 16 13
0 50 22 5
0 79 79 1
1 76 96 4
0 46 78 1
0 92 99 1
4 228699991
1 10 61 1
1 35 94 5
2 95 298035447
1 36 66 9
1 95 15 2
2 47 388999364
4 471871795
0 18 57 1
0 54 36 1
0 52 68 3
0 0 36 3
0 89 21 7
0 13 24 7
0 2 96 1
0 17 40 6
1 13 68 1
1 5 31 4
2 70 518903105
1 32 5 1
0 21 36 3
0 69 9 3
0 96 85 8
0 53 49 2
1 89 58 8
0 72 20 3
1 45 37 9
1 32 97 1
1 70 14 5
0 24 62 3
0 85 88 3
0 88 85 12
0 27 97 3
0 26 75 1
1 50 79 1
4 592424538
1 4 53 3
1 72 10 3
0 34 75 4
0 11 59 9
0 15 19 1
1 89 74 2
1 92 18 4
0 28 67 1
0 80 36 2
0 87 86 1
0 14 38 5
0 41 14 3
0 64 50 9
0 31 85 2
1 10 14 2
2 63 629731414
0 9 81 1
1 18 12 2
0 7 38 1
0 73 65 4
0 20 45 2
1 7 67 1
0 37 96 1
1 49 72 4
1 20 15 3
1 47 64 5
1 18 58 7
0 65 80 5
0 51 41 3
0 90 4 2
5 36 21 364678
0 1 43 9
4 638085518
5 38 90 844719
0 39 30 3
0 38 63 1
1 39 2 3
1 41 25 4
0 42 7 7
1 80 86 2
0 6 17 12
1 0 16 5
5 98 85 240428
1 96 37 12
0 40 68 1
1 28 28 7
2 53 675736263
0 63 82 3
0 67 48 12
0 82 62 6
0 84 71 8
0 99 72 6
0 68 80 2
0 55 68 3
0 81 99 3
1 76 61 1
1 51 62 8
1 92 4 3
4 676329497
1 85 40 4
1 58 49 4
0 91 40 10
2 48 744986992
1 42 68 1
1 42 71 2
1 20 93 1
4 823355026
1 23 28 5
0 75 28 1
0 12 32 6
0 43 28 8
0 97 96 2
0 71 22 5
2 65 903161684
5 50 62 295513
5 83 47 934712
1 91 22 4
0 67 23 1
4 929614219
0 3 26 4
1 92 79 2
0 66 33 2
0 4 45 2
0 25 60 1
0 62 51 1
1 47 76 9
0 73 73 1
0 44 40 1
1 14 43 2
0 57 83 7
0 19 50 11
0 78 21 5
2 4 968350995
0 56 98 1
1 59 38 5
0 98 1 5
0 93 60 2
0 33 29 5
4 1050402952
0 61 1 3
0 90 45 1
0 29 38 2
1 17 92 13
1 59 9 8
2 94 1068472376
1 19 89 2
1 31 54 1
1 47 93 1
4 1123480892
0 35 22 2
1 94 36 3
1 48 83 8
5 60 38 77768
1 43 21 3
2 54 1147187283
1 54 71 9
1 91 50 6
1 80 49 1
4 1174245234
0 31 91 6
1 10 93 1
1 84 46 3
1 45 87 1
2 25 1266602799
1 42 95 3
4 1343493505
0 41 43 8
2 23 1425684338
1 76 83 2
1 86 8 7
4 1503944158
0 67 42 1
5 64 79 731024
2 97 1569334777
1 81 72 15
4 1585023947
0 27 73 1
0 32 80 15
1 90 65 1
5 2 99 399948
2 32 1607832842
1 27 69 9
1 73 22 1
4 1633249155
5 1 74 55025
0 8 52 3
0 12 60 4
1 50 8 1
1 26 5 2
1 94 77 1
1 0 55 2
1 52 65 5
1 40 92 6
1 22 59 4
1 46 0 2
1 53 32 13
1 90 8 5
2 0 1678499296
1 92 90 10
1 94 72 11
4 1728989963
0 46 79 2
1 62 93 3
1 4 30 8
2 50 1810473172
4 1909093309
0 91 51 12
0 64 35 5
1 31 49 2
1 20 72 7
1 39 84 7
1 32 4 3
1 30 85 2
1 64 43 5
1 72 49 3
1 9 72 10
1 13 41 11
1 30 67 2
1 62 83 5
1 80 99 2
1 22 22 1
1 31 57 1
1 94 96 4
1 59 97 6
1 29 91 6
1 22 61 7
1 79 38 6
5 5 45 982885
1 26 9 1
2 51 1932021672
1 47 79 2
1 28 38 3
5 27 88 14304
1 20 3 1
1 5 31 12
1 39 42 3
1 66 10 3
1 11 61 2
4 1989110435
2 72 2034582933
0 91 23 3
0 74 50 3
4 2124485756
0 81 97 3
0 49 97 5
1 92 86 1
2 8 2155109887
1 83 85 7
0 9 37 10
1 62 50 14
0 99 95 3
2 30 2212266915
1 39 81 5
4 2279768276
0 4 69 4
1 7 65 6
0 86 73 1
0 50 32 14
0 90 52 1
1 54 98 3
1 94 74 8
1 13 19 1
1 39 7 7
2 29 2337586453
1 98 12 3
4 2435213592
0 33 85 6
1 18 73 3
1 33 46 7
1 17 86 1
1 30 6 2
2 28 2446206424
1 68 84 9
1 28 16 1
2 60 2476152516
4 2478538046
0 75 25 7
0 25 47 3
5 62 46 93054
0 23 68 2
1 21 7 3
0 93 48 12
1 32 46 7
1 86 48 2
1 23 3 6
0 12 46 8
1 34 43 1
1 71 25 5
1 67 51 8
1 97 73 3
1 89 7 6
1 47 35 12
1 36 9 7
1 97 28 1
2 32 2552596382
1 8 33 12
1 51 94 4
4 2617530958
1 68 18 1
1 97 50 14
1 8 19 2
0 53 15 5
1 29 79 2
0 50 86 1
1 62 69 10
2 18 2703876473
1 11 78 2
1 80 65 4
1 67 62 3
4 2730527183
2 43 2750664714
0 68 9 7
5 17 71 211642
1 4 60 1
1 52 24 4
1 18 6 2
1 4 27 7
1 3 99 2
1 91 28 4
2 80 2843095676
1 70 25 10
1 91 29 8
5 34 33 372272
5 21 56 694509
1 54 10 15
1 58 62 3
1 82 43 1
1 89 98 3
2 17 2918384308
4 2986723825
0 41 69 7
0 64 54 1
5 62 46 687480
2 82 3020084788
0 34 91 4
1 85 84 4
1 13 58 5
0 1 46 5
1 48 81 3
0 14 83 8
0 65 13 1
0 6 22 6
0 77 34 3
1 82 40 2
1 1 68 3
2 84 3070188361
2 54 3139702594
1 13 89 3
2 48 3235043026
1 56 52 4
1 2 63 3
1 51 41 6
1 61 96 2
1 7 62 7
5 9 85 334830
2 13 3238951430
4 3276164985
1 15 74 11
0 64 83 2
0 86 32 14
0 85 19 2
0 93 69 4
0 65 3 4
1 3 46 6
0 63 85 13
2 92 3365278806
4 3430725754
0 40 69 10
1 75 23 6
1 94 20 3
5 11 99 413530
2 65 3490850727
5 84 27 76066
1 37 14 2
1 22 39 9
1 38 72 5
1 55 45 3
1 5 9 8
1 15 48 9
1 87 37 7
4 3580063461
0 80 44 3
5 9 85 418304
1 4 63 5
1 31 49 3
1 53 89 3
1 52 42 1
1 21 7 4
1 40 18 2
1 0 15 3
1 77 74 2
1 68 33 12
1 47 51 9
1 67 7 2
1 60 3 1
1 67 97 5
2 15 3649235174
4 3656006180
0 0 93 2
0 95 78 2
2 89 3702944532
1 66 93 5
1 28 20 1
2 72 3794727369
1 61 27 3
5 77 72 951348
1 45 12 1
1 76 15 1
5 16 40 120063
1 57 75 4
1 22 53 5
2 12 3824610132
4 3917028240
0 38 27 9
1 90 60 2
1 22 11 4
0 13 31 2
0 98 11 8
0 45 9 4
1 70 62 4
0 19 5 1
0 53 29 7
1 7 53 8
1 72 95 1
1 62 75 2
1 55 81 5
2 95 3960852706
2 83 4032315484
2 68 4060497383
2 25 4066236684
5 76 25 161801
4 4162330520
0 64 86 3
0 1 16 1
0 71 0 10
1 48 32 11
1 36 96 4
1 81 44 1
1 78 32 5
1 59 0 10
0 72 11 6
0 99 57 3
1 48 3 2
0 14 0 4
1 65 58 3
0 42 76 2
1 91 58 6
1 99 57 7
2 49 4246452452
4 4328748357
0 31 57 1
1 52 9 4
2 6 4341001060
5 28 91 807426
1 56 36 1
1 5 8 6
1 25 98 3
1 64 4 1
1 38 60 2
1 16 68 1
2 15 4393864201
5 19 7 588003
2 69 4488702855
4 4527927576
1 43 17 15
0 76 83 8
0 30 85 13
0 41 18 3
0 93 51 11
1 43 1 1
1 87 55 1
0 18 96 6
1 22 80 2
1 20 38 3
1 34 27 9
0 27 97 3
1 81 13 2
1 59 57 2
1 73 45 5
1 18 70 9
1 62 14 2
1 96 53 7
1 46 20 1
1 79 17 1
1 71 62 7
1 35 80 11
1 88 48 8
2 62 4546446616
1 42 95 3
1 69 82 1
2 32 4597111297
5 77 47 452506
1 80 2 5
1 36 79 1
1 30 49 3
1 27 64 1
4 4663411248
0 24 99 1
0 86 62 4
0 71 6 1
0 70 62 7
2 37 4722488052
1 0 50 7
0 78 9 6
0 58 63 8
1 77 4 2
1 64 7 6
2 0 4786486568
1 47 2 7
1 79 56 2
2 85 4803204239
1 58 62 8
1 70 61 9
2 75 4807561168
1 47 71 1
2 93 4832588220
1 29 27 6
1 89 85 6
1 77 14 3
1 82 35 12
1 17 32 7
1 5 62 6
4 4874003411
0 66 30 8
0 14 59 1
0 57 98 3
0 10 44 4
1 23 56 6
1 52 15 5
1 90 37 8
1 12 73 3
0 83 79 2
0 9 73 3
0 63 51 7
1 27 13 2
1 2 35 4
1 78 69 4
2 50 4947516064
1 57 25 3
1 25 54 2
1 84 89 1
4 4999957285
1 8 14 2
2 53 5071095141
2 29 5155791870
1 66 82 7
1 63 59 10
0 74 76 4
0 97 29 9
0 0 43 3
1 44 71 4
4 5229071588
1 52 21 10
0 96 14 3
0 7 81 5
0 53 39 3
1 48 13 2
1 37 96 3
1 54 73 3
1 24 51 8
1 3 97 3
1 10 92 7
1 21 1 1
1 27 17 4
1 3 68 1
1 36 39 5
1 34 51 9
1 75 74 7
1 81 89 3
1 2 61 1
1 91 41 7
1 33 50 7
1 1 73 1
2 68 5326268823
1 35 60 1
1 4 66 8
1 32 16 1
1 8 7 1
2 37 5351598091
4 5352211464
0 3 1 4
0 16 24 5
4 5438978970
1 24 89 2
1 33 73 3
0 90 12 1
2 12 5510607265
4 5573215697
1 85 86 2
2 9 5599960312
1 46 48 4
1 10 40 1
0 90 80 10
1 22 32 7
2 73 5643792447
5 77 72 30374
1 68 62 5
1 72 34 2
1 55 41 2
1 87 2 9
1 51 78 2
2 82 5719215602
1 44 54 1
2 34 5738074641
1 67 79 1
1 20 38 4
2 7 5779313331
5 79 52 396862
2 1 5782049664
1 58 46 5
1 48 13 2
1 23 46 1
4 5809268956
1 10 87 1
0 8 49 5
0 33 92 8
0 12 46 4
1 93 22 3
0 69 86 1
0 66 71 9
0 21 62 2
0 72 32 10
2 66 5904828346
0 3 27 9
1 59 83 3
1 22 78 4
0 26 57 5
0 64 97 2
0 39 24 2
0 43 43 1
1 47 21 4
2 86 5993309611
0 1 51 6
0 54 92 11
5 26 18 433899
0 9 44 1
1 95 28 2
0 45 4 3
1 93 87 9
4 6011499225
0 50 21 11
1 95 39 11
0 85 32 4
0 4 57 4
0 69 90 10
0 92 72 5
5 88 74 838018
1 18 40 10
1 82 24 4
1 36 25 3
1 18 13 2
1 94 70 3
1 40 56 4
1 2 44 2
1 6 22 6
1 54 79 1
1 81 21 12
1 13 86 3
1 20 50 4
1 88 86 3
1 13 91 10
1 75 35 13
2 70 6055066703
4 6125257324
0 94 41 9
1 21 29 3
1 71 84 3
1 20 35 12
2 79 6148301470
1 90 48 11
1 86 27 8
4 6198651236
0 67 28 1
2 86 6225526898
1 18 23 5
0 83 18 5
0 54 8 5
2 87 6311780642
1 15 27 7
1 3 20 2
1 37 51 4
1 99 89 1
5 59 66 579965
1 50 85 7
1 31 45 7
1 80 85 7
1 4 18 3
4 6400507588
0 93 63 6
0 88 6 2
0 10 27 1
2 95 6467746896
2 85 6559006957
1 21 74 9
1 16 70 4
1 31 75 4
1 98 90 13
1 63 75 1
2 25 6642936716
4 6728950997
5 9 85 219902
1 77 96 8
0 89 92 12
0 57 0 3
0 42 33 3
1 29 79 2
1 61 32 14
0 80 20 2
0 36 76 12
0 50 12 2
1 75 51 1
1 33 64 1
1 28 68 3
5 73 61 607417
1 77 12 2
1 28 82 10
1 16 25 2
2 48 6746841209
1 34 89 2
2 81 6832097664
1 84 28 7
4 6839249810
1 16 97 5
0 90 98 2
1 12 81 1
0 7 43 9
0 46 16 4
1 85 78 2
1 83 18 6
1 61 92 8
2 46 6874608188
1 89 80 2
1 66 58 2
1 90 64 1
2 62 6966098646
1 4 21 3
1 67 17 15
1 61 41 3
1 74 8 6
4 6996266492
0 5 69 10
1 27 31 3
1 65 21 13
1 17 75 2
1 6 95 3
0 68 18 8
0 23 40 2
0 58 62 3
1 2 89 3
1 53 83 10
2 43 7091726146
1 46 63 6
1 76 21 10
2 33 7103619610
5 36 21 279759
1 41 15 3
4 7151340090
1 49 11 4
1 59 84 8
5 69 34 638237
1 27 17 3
0 43 27 6
2 90 7153064458
0 42 52 1
1 57 19 1
1 80 2 3
1 84 29 3
0 0 40 11
0 7 31 8
1 4 73 2
1 82 64 3
2 95 7168907471
4 7190157105
0 98 47 1
1 9 56 6
1 40 83 4
1 65 34 2
0 69 96 4
1 12 58 3
0 6 97 4
1 53 10 5
1 74 73 2
1 86 29 3
1 46 80 12
2 45 7255498838
5 36 67 643058
1 22 2 9
1 98 77 1
1 47 54 1
1 57 69 1
1 56 32 10
1 33 44 2
1 95 29 7
1 11 56 1
1 48 22 4
4 7334726570
1 76 3 5
0 73 4 2
1 16 45 4
2 6 7379447163
2 5 7410338473
1 14 94 2
1 34 14 5
1 31 55 1
2 78 7419446079
1 40 51 5
4 7429432531
0 51 90 12
0 88 81 1
0 19 23 5
1 93 25 6
0 85 97 2
1 79 82 11
1 60 64 5
1 39 82 5
1 24 68 3
2 56 7448461797
2 11 7545801706
5 13 81 685655
1 99 64 5
2 94 7582496154
2 64 7588393055
4 7609418348
0 49 58 6
2 21 7628627976
1 55 77 2
2 35 7724945247
1 73 81 5
0 99 95 4
0 90 78 1
0 9 94 8
4 7820536372
0 20 66 2
1 51 8 6
0 11 12 2
0 82 83 10
1 4 25 4
2 77 7866398417
1 5 48 5
2 58 7940805224
0 81 73 1
0 52 55 2
1 69 38 6
0 14 0 1
0 60 37 4
1 20 41 2
1 72 66 6
2 69 7973686571
1 35 9 1
1 14 81 5
4 8027061468
1 72 34 2
1 21 71 6
0 78 56 1
0 57 76 13
1 42 79 1
0 12 80 9
0 98 55 1
1 75 44 5
0 55 47 1
0 66 58 3
1 81 31 11
0 49 19 2
1 55 21 9
1 55 20 2
1 80 67 3
2 23 8062347282
1 88 5 1
4 8126074718
0 18 32 4
0 19 62 7
5 30 91 885127
1 37 6 1
1 71 82 2
1 79 79 1
1 81 55 2
1 1 62 6
1 48 51 13
1 17 93 1
1 38 17 12
1 30 30 4
1 68 57 10
1 5 70 11
1 52 36 4
1 63 63 6
1 4 17 9
1 79 51 6
2 41 8183305734
1 39 73 2
1 14 49 2
1 53 96 7
2 79 8195365072
1 23 99 1
1 90 97 1
1 3 67 3
1 76 46 7
2 17 8291629145
5 70 89 850064
2 68 8325428045
2 12 8388970597
4 8409559921
0 27 64 3
0 67 50 5
0 50 84 3
2 62 8497827973
0 20 85 6
0 61 39 6
0 4 57 4
1 53 66 5
1 13 20 2
0 24 20 3
0 11 37 6
0 77 93 5
0 94 93 2
0 42 80 6
0 38 83 1
2 9 8527758429
4 8559534792
1 81 49 3
0 58 63 4
1 17 59 7
0 19 34 3
0 35 3 4
0 91 11 7
0 29 47 4
2 18 8619917989
1 51 43 2
0 1 64 5
1 52 62 3
4 8669222302
2 67 8721315546
0 83 88 2
1 54 75 1
4 8738172535
0 80 96 6
1 43 19 1
0 3 93 5
2 6 8817758635
1 18 77 1
4 8881234031
0 37 66 10
1 85 22 4
2 97 8948328911
1 91 83 7
1 2 40 2
1 2 67 1
1 13 56 5
1 98 65 1
